0.25288053365676166
0.1538871139510117
0.2088698140200286
0.18041237113402062
0.10565870910698497
0.08338158656629995
0.10538827258320127
0.09896355733868271
0.30520393811533053
0.03485576923076923
0.2745762711864407
0.1722984275677484
0.16719442685243824
0.096045197740113
0.27237851662404094
0.06688102893890675
0.2692307692307692
0.15726577437858508
0.12877263581488935
0.06728232189973615
0.10137795275590551
0.1888412017167382
0.09684086211987009
0.12745098039215685
0.07249750581975391
0.3376110562685094
0.17494151286716922
0.3049645390070922
0.03359932801343973
0.17330210772833723
0.05306736921339857
0.12603305785123967
0.18330849478390462
0.12550200803212852
0.09022475535003764
0.14504652435686918
0.29971181556195964
0.2746419545071609
0.24826989619377163
0.1423611111111111
0.05634399491633128
0.12477876106194691
0.10826446280991736
0.16357421875
0.2580019398642095
0.29934640522875816
0.17353801169590644
0.09935897435897435
0.1742792355037253
0.5697211155378487
0.18812541694462975
0.1638301529998281
0.11714975845410629
0.11660649819494585
0.15560165975103735
0.5548628428927681
0.24279210925644917
0.12130325814536341
0.32941176470588235
0.16561624649859943
0.01408811475409836
0.3477188655980271
0.16084977238239756
0.12462235649546828
0.018497109826589597
0.09791921664626684
0.11594991834512793
