0.9434389140271493
0.996551724137931
1.0
0.9090909090909091
0.8535714285714285
0.9411764705882353
0.7964071856287425
1.0
0.9954128440366973
0.5979381443298969
0.7168141592920354
0.7791225416036308
0.9887640449438202
0.7132867132867133
0.9141630901287554
0.5073170731707317
1.0
0.9536231884057971
0.8648648648648649
1.0
0.673202614379085
0.9119170984455959
1.0
0.9943342776203966
0.6646341463414634
1.0
0.9882525697503671
0.7570422535211268
0.6956521739130435
0.4539877300613497
0.9038461538461539
0.5980392156862745
0.8424657534246576
0.9615384615384616
0.929125138427464
0.9636363636363636
0.9570552147239264
1.0
0.9647058823529412
0.924812030075188
0.9204152249134948
0.9245901639344263
0.891156462585034
0.9882005899705014
0.806060606060606
0.9828326180257511
0.9666123778501629
1.0
1.0
0.8125
1.0
0.9958202716823407
0.7950819672131147
0.6814345991561181
1.0
0.7820738137082601
0.935672514619883
0.9453125
0.7832167832167832
0.9292730844793713
0.7857142857142857
0.986013986013986
0.5408163265306123
0.9969788519637462
0.7692307692307693
0.9696969696969697
0.7220338983050848
