0.48642533936651583
0.6
0.8356164383561644
0.09740259740259741
0.19642857142857142
0.5555555555555556
0.39520958083832336
0.9864864864864865
0.6467889908256881
0.0
0.24336283185840707
0.46444780635400906
0.5543071161048689
0.4125874125874126
0.6738197424892703
0.01951219512195122
0.9198606271777003
0.43478260869565216
0.20945945945945946
0.954248366013072
0.35294117647058826
0.3005181347150259
0.9664634146341463
0.4730878186968839
0.13414634146341464
0.8625730994152047
0.8267254038179148
0.05985915492957746
0.008695652173913044
0.23076923076923078
0.09803921568627451
0.541095890410959
0.7076923076923077
0.4717607973421927
0.5636363636363636
0.6411042944785276
0.8619631901840491
0.4235294117647059
0.37593984962406013
0.5224913494809689
0.6262295081967213
0.5850340136054422
0.8672566371681416
0.4393939393939394
0.759656652360515
0.6262214983713354
0.921146953405018
0.8271375464684015
0.4090909090909091
0.8865248226950354
0.6165099268547545
0.5081967213114754
0.046413502109704644
0.9
0.3409490333919156
0.4152046783625731
0.734375
0.35664335664335667
0.2593320235756385
0.1
0.9125874125874126
0.20918367346938777
0.9335347432024169
0.34615384615384615
0.17575757575757575
0.2271186440677966
0.5584415584415584
0.40540540540540543
0.7319587628865979
0.676056338028169
0.007352941176470588
0.6866952789699571
0.14563106796116504
0.575
0.934640522875817
0.9798136645962733
0.2327790973871734
0.31679389312977096
0.7986111111111112
0.48360655737704916
0.4829059829059829
0.37222222222222223
0.25077399380804954
0.23404255319148937
0.25842696629213485
0.46613545816733065
0.6047430830039525
0.9735349716446124
0.4789272030651341
1.0
0.31746031746031744
0.582089552238806
0.44680851063829785
0.20689655172413793
0.3433734939759036
0.9545454545454546
0.40585774058577406
0.03333333333333333
0.22580645161290322
0.9701492537313433
0.851063829787234
0.5616438356164384
0.7398119122257053
0.5443037974683544
0.3253012048192771
0.40476190476190477
0.7816901408450704
0.6463414634146342
0.9551282051282052
0.4293286219081272
0.2157303370786517
0.4617117117117117
0.6227272727272727
0.6455696202531646
0.5558441558441558
0.4157303370786517
0.825
0.6556291390728477
0.2757201646090535
0.5515463917525774
0.5722070844686649
0.021621621621621623
0.8089887640449438
0.49404761904761907
0.6675302245250432
0.22462203023758098
0.375
0.5141700404858299
0.072
0.6819923371647509
0.9445255474452555
0.2084507042253521
0.09544468546637744
0.5927835051546392
0.22714681440443213
0.02247191011235955
0.5904059040590406
0.5477707006369427
0.856508875739645
0.9041237113402062
0.15483870967741936
0.6145833333333334
0.5757575757575758
0.6629213483146067
0.927536231884058
0.10476190476190476
0.43703703703703706
0.23275862068965517
0.8888888888888888
0.1748971193415638
0.7014925373134329
0.505800464037123
0.8125
0.8762214983713354
0.5188284518828452
0.44041450777202074
0.9970104633781763
0.2642369020501139
0.1827956989247312
0.7328767123287672
0.2896825396825397
0.19161676646706588
0.45904761904761904
0.9381107491856677
0.21153846153846154
0.02
0.22950819672131148
0.8791946308724832
0.7643312101910829
0.7772020725388601
0.5357142857142857
0.6927175843694494
0.5746606334841629
0.2141280353200883
0.2014388489208633
0.25
0.6504854368932039
0.6039603960396039
0.9275549805950841
0.5928571428571429
0.0
0.5766423357664233
0.9450980392156862
0.6918238993710691
0.853393665158371
0.5730337078651685
0.5374149659863946
0.18076923076923077
0.08184143222506395
0.4269005847953216
0.3431952662721893
0.33214285714285713
0.3244444444444444
0.7543978349120433
0.46747967479674796
0.8254847645429363
0.8759124087591241
0.8366197183098592
0.12419354838709677
0.17307692307692307
0.7006369426751592
0.5408163265306123
0.42745098039215684
0.5863377609108159
0.488
0.350253807106599
0.7330827067669173
0.5651376146788991
0.5333333333333333
0.4942263279445728
0.5461847389558233
0.26900584795321636
0.48672566371681414
0.38228155339805825
0.9511811023622048
0.2777777777777778
0.36379613356766255
0.9800362976406534
0.8269230769230769
0.28286852589641437
0.535031847133758
0.8022875816993464
0.3176470588235294
0.0
0.6088957055214724
0.851145038167939
0.8003120124804992
0.6091370558375635
0.4990328820116054
0.7598039215686274
0.16981132075471697
0.5406976744186046
0.9775112443778111
0.9866468842729971
0.4626865671641791
0.7125984251968503
0.027586206896551724
0.7453027139874739
1.0
0.7729636048526863
0.17535545023696683
0.4578313253012048
0.4608208955223881
0.8376623376623377
0.5711297071129707
0.44073455759599334
0.15625
0.35121951219512193
0.5025125628140703
0.49242424242424243
0.9006622516556292
0.16312056737588654
0.430939226519337
0.26495726495726496
0.8022508038585209
0.7413793103448276
0.315450643776824
0.736
0.2681818181818182
