0.5748663101604278
0.21193666260657734
0.8133333333333334
0.08875739644970414
0.09259259259259259
0.23743016759776536
0.1658291457286432
0.4397590361445783
0.5164835164835165
0.0
0.2511415525114155
0.3992197659297789
0.5342960288808665
0.1787878787878788
0.7584541062801933
0.01762114537444934
0.5333333333333333
0.3778337531486146
0.18902439024390244
0.2874015748031496
0.3829787234042553
0.3314285714285714
0.30422264875239924
0.2609375
0.04675876726886291
0.6908665105386417
0.42330827067669174
0.32075471698113206
0.0044444444444444444
0.08053691275167785
0.30303030303030304
0.6124031007751938
0.43601895734597157
0.3232169954476479
0.29693486590038315
0.5854341736694678
0.7150127226463104
0.5502183406113537
0.1497005988023952
0.1411214953271028
0.20693391115926327
0.23497267759562843
0.4966216216216216
0.5492424242424242
0.5566037735849056
0.31426236207601144
0.32125
0.430784123910939
0.935064935064935
0.5
0.33541785105173394
0.33695652173913043
0.07971014492753623
0.2647058823529412
0.8326180257510729
0.7171717171717171
0.25336927223719674
0.6623376623376623
0.20245398773006135
0.011326860841423949
0.6289156626506024
0.17982456140350878
0.3911392405063291
0.04049493813273341
0.09206349206349207
0.2537878787878788
0.5850340136054422
0.8974358974358975
0.3264367816091954
0.3356643356643357
0.006329113924050633
0.7766990291262136
0.05154639175257732
0.5897435897435898
0.043372763117986046
0.6144109055501461
0.725925925925926
0.24924924924924924
0.21178637200736647
0.3333333333333333
0.5947368421052631
0.1401673640167364
0.164969450101833
0.3728813559322034
0.35475578406169667
0.6464088397790055
0.7574257425742574
0.5703211517165006
0.3531073446327684
0.425531914893617
0.47619047619047616
0.3340471092077088
0.9230769230769231
0.972972972972973
0.6195652173913043
0.6150627615062761
0.13227272727272726
0.05952380952380952
0.7671232876712328
0.52
0.6349206349206349
0.32887700534759357
0.7044776119402985
0.35390946502057613
0.02339688041594454
0.3805970149253731
0.7161290322580646
0.7737226277372263
0.3084886128364389
0.2227314390467461
0.42857142857142855
0.8401639344262295
0.6143497757847534
0.5645756457564576
0.2675
0.13074204946996468
0.2956326987681971
0.0723155588020453
0.15420023014959724
0.816793893129771
0.27486910994764396
0.01652892561983471
0.34726688102893893
0.5886524822695035
0.3653119092627599
0.1597542242703533
0.42038216560509556
0.6864864864864865
0.025787965616045846
0.8127853881278538
0.5373754152823921
0.4805194805194805
0.10476190476190476
0.688622754491018
0.33064516129032256
0.01015228426395939
0.456490727532097
0.5386221294363257
0.41835260115606937
0.5687418936446174
0.1875
0.6389891696750902
0.753968253968254
0.6413043478260869
0.5069306930693069
0.5789473684210527
0.2796208530805687
0.18120805369127516
0.5546218487394958
0.11643835616438356
0.734375
0.6228571428571429
0.3858447488584475
0.30602957906712175
0.29314420803782504
0.9883720930232558
0.22873799725651578
0.8111888111888111
0.08629441624365482
0.4099616858237548
0.42441860465116277
0.14545454545454545
0.8546099290780141
0.5748502994011976
0.22506393861892582
0.021739130434782608
0.04666666666666667
0.41455696202531644
0.8571428571428571
0.5415162454873647
0.28187919463087246
0.2669404517453799
0.18405797101449275
0.3277027027027027
0.3146067415730337
0.5571428571428572
0.5982142857142857
0.488
0.4071550255536627
0.5845070422535211
0.0
0.34347826086956523
0.4679611650485437
0.738255033557047
0.5227272727272727
0.20238095238095238
0.8404255319148937
0.2781065088757396
0.8888888888888888
0.3029045643153527
0.18441971383147854
0.10253583241455347
0.7684210526315789
0.29173207744636315
0.2994791666666667
0.5665399239543726
0.4519774011299435
0.8813056379821959
0.08075511274252753
0.28346456692913385
0.5263157894736842
0.6794871794871795
0.05043961129106895
0.9035087719298246
0.3333333333333333
0.6448598130841121
0.3696682464454976
0.5384615384615384
0.38095238095238093
0.4385245901639344
0.4927536231884058
0.09019607843137255
0.18456375838926176
0.34539473684210525
0.24384335890189746
0.23076923076923078
0.6106194690265486
0.627906976744186
0.524390243902439
0.7802197802197802
0.36681222707423583
0.5769682726204466
0.1594488188976378
0.0
0.46216530849825377
0.5150115473441108
0.5229357798165137
0.4074702886247878
0.8571428571428571
0.8857142857142857
0.075
0.30194805194805197
0.3850014762326543
0.41125541125541126
0.30392156862745096
0.5201149425287356
0.0045871559633027525
0.47410358565737054
0.6679438058748404
0.500561167227834
0.4065934065934066
0.95
0.5404814004376368
0.375
0.6026490066225165
0.40930232558139534
0.14184397163120568
0.7912087912087912
0.20833333333333334
0.7878787878787878
0.2197092084006462
0.71875
0.582089552238806
0.041168658698539175
0.5489548954895489
0.2413265306122449
0.3141025641025641
0.23232323232323232
0.3241758241758242
