0.1937
0.4255
0.5447
0.5754
0.6056
0.6373
0.6732
0.7028
0.7227
0.7559
0.7701
0.7818
0.8036
0.8159
0.8355
0.8540
0.8624
0.8630
0.8841
0.8805
0.8902
0.8926
0.9040
0.9016
0.9059
0.9228
0.9185
0.9252
0.9203
0.9240
0.9351
0.9348
0.9390
0.9324
0.9523
0.9475
0.9505
0.9469
0.9517
0.9487
0.9584
0.9547
0.9550
0.9568
0.9626
0.9611
0.9605
0.9653
0.9647
0.9656
0.9644
0.9674
0.9680
0.9644
0.9731
0.9689
0.9728
0.9710
0.9722
0.9737
0.9777
0.9786
0.9765
0.9756
0.9771
0.9795
0.9713
0.9728
0.9744
0.9753
0.9780
0.9780
0.9725
0.9813
0.9744
0.9846
0.9789
0.9807
0.9855
0.9771
0.9813
0.9822
0.9807
0.9819
0.9831
0.9771
0.9777
0.9804
0.9888
0.9783
0.9813
0.9852
0.9867
0.9852
0.9852
0.9852
0.9882
0.9882
0.9861
0.9852
0.9867
0.9840
0.9870
0.9900
0.9858
0.9885
0.9852
0.9906
0.9882
0.9888
0.9858
0.9864
0.9894
0.9855
0.9867
0.9919
0.9888
0.9849
0.9919
0.9903
0.9922
0.9903
0.9916
0.9931
0.9925
0.9897
0.9879
0.9861
0.9906
0.9879
0.9846
0.9912
0.9897
0.9888
0.9925
0.9925
0.9912
0.9897
0.9906
0.9912
0.9906
0.9897
