0.27586206896551724
0.16715031921067905
0.2810077519379845
0.21252059308072488
0.11542443064182195
0.102861562258314
0.12439261418853255
0.12714776632302405
0.3307453416149068
0.027559055118110236
0.2765151515151515
0.20509499136442141
0.21172638436482086
0.10694597574421169
0.3275316455696203
0.06645569620253164
0.3206703910614525
0.19163129169193452
0.14554579673776663
0.08351528384279476
0.13249651324965134
0.23150684931506849
0.11739441660701504
0.1451275616896696
0.0768012668250198
0.3829787234042553
0.1987915407854985
0.32976827094474154
0.03338992642897567
0.16095890410958905
0.06185080264400378
0.14689265536723164
0.23300970873786409
0.1504315659679408
0.10760091805049278
0.15628891656288915
0.36330935251798563
0.3465665236051502
0.29639591178052715
0.15694444444444444
0.06614785992217899
0.13762886597938145
0.13588110403397027
0.19856887298747763
0.3127962085308057
0.33581533879374537
0.20190779014308427
0.11892583120204604
0.21160679036715357
0.6910994764397905
0.21979734996102884
0.18389235569422777
0.1417740712661107
0.11867442901925661
0.17381228273464658
0.6439628482972136
0.2950191570881226
0.13861386138613863
0.408
0.18648208469055375
0.01687360713148679
0.3991477272727273
0.1774193548387097
0.1522140221402214
0.022067039106145252
0.11888111888111888
0.1440058479532164
