0.9049773755656109
0.993103448275862
0.9931506849315068
0.8376623376623377
0.7964285714285714
0.869281045751634
0.7664670658682635
1.0
0.9770642201834863
0.36082474226804123
0.6460176991150443
0.7186081694402421
0.9737827715355806
0.6783216783216783
0.8884120171673819
0.4097560975609756
1.0
0.9159420289855073
0.7837837837837838
1.0
0.6209150326797386
0.8756476683937824
1.0
0.9830028328611898
0.5914634146341463
1.0
0.9662261380323054
0.6514084507042254
0.5130434782608696
0.2883435582822086
0.8397435897435898
0.5098039215686274
