4.443043518066406250e+01 3.217274475097656250e+01 9.430995178222656250e+01
4.643043518066406250e+01 3.217274475097656250e+01 9.430995178222656250e+01
4.643043518066406250e+01 3.417274475097656250e+01 9.430995178222656250e+01
4.643043518066406250e+01 3.417274475097656250e+01 9.630995178222656250e+01
4.643043518066406250e+01 3.617274475097656250e+01 9.630995178222656250e+01
4.643043518066406250e+01 3.817274475097656250e+01 9.230995178222656250e+01
4.643043518066406250e+01 3.817274475097656250e+01 9.430995178222656250e+01
4.643043518066406250e+01 3.817274475097656250e+01 9.630995178222656250e+01
4.643043518066406250e+01 4.017274475097656250e+01 9.230995178222656250e+01
4.843043518066406250e+01 3.417274475097656250e+01 9.230995178222656250e+01
4.843043518066406250e+01 3.417274475097656250e+01 9.430995178222656250e+01
4.843043518066406250e+01 3.417274475097656250e+01 9.630995178222656250e+01
4.843043518066406250e+01 3.617274475097656250e+01 9.430995178222656250e+01
4.843043518066406250e+01 3.617274475097656250e+01 9.630995178222656250e+01
4.843043518066406250e+01 3.817274475097656250e+01 9.430995178222656250e+01
4.843043518066406250e+01 4.017274475097656250e+01 9.430995178222656250e+01
5.043043518066406250e+01 3.417274475097656250e+01 9.230995178222656250e+01
5.043043518066406250e+01 3.417274475097656250e+01 9.430995178222656250e+01
5.043043518066406250e+01 3.617274475097656250e+01 9.230995178222656250e+01
5.043043518066406250e+01 3.617274475097656250e+01 9.430995178222656250e+01
5.043043518066406250e+01 3.617274475097656250e+01 9.630995178222656250e+01
5.043043518066406250e+01 3.817274475097656250e+01 9.430995178222656250e+01
5.043043518066406250e+01 4.017274475097656250e+01 9.230995178222656250e+01
5.043043518066406250e+01 4.017274475097656250e+01 9.430995178222656250e+01
5.243043518066406250e+01 3.617274475097656250e+01 9.230995178222656250e+01
5.243043518066406250e+01 3.817274475097656250e+01 9.230995178222656250e+01
