0.1341
0.4365
0.4694
0.1856
0.3217
0.4767
0.2449
0.0401
0.1221
0.4885
0.5558
0.1628
0.3175
0.0259
0.4840
0.7262
0.3636
0.4192
0.5390
0.6925
0.5608
0.7863
0.1139
0.0296
0.2649
0.7839
0.7819
0.5806
0.6756
0.4717
0.3237
0.5900
0.9877
0.8813
0.5366
0.8576
0.4423
0.4952
0.9755
0.6189
0.9798
0.7190
0.6617
0.9296
0.6638
0.7620
0.9049
0.9319
0.8907
0.6641
0.8773
0.8688
0.6468
0.9098
0.8766
0.9481
0.7716
0.8267
0.8968
0.9690
0.9439
0.8877
0.6893
0.9805
0.6611
0.9684
0.9664
0.6743
0.8925
0.9277
0.9315
0.8001
0.9050
0.9388
0.8875
0.8459
0.9075
0.8821
0.8500
0.9908
0.7185
0.7255
0.9374
0.9244
0.6252
0.9804
0.6987
0.8397
0.9710
0.8259
0.7382
0.9968
0.8220
0.9736
0.9901
0.7787
0.9860
0.7955
0.6826
0.9170
0.8169
0.9249
0.8185
0.9646
0.8967
0.7509
0.9786
0.8823
0.8633
0.8699
0.9621
0.7877
0.8574
0.5788
0.8670
0.9191
0.9913
0.8143
0.9788
0.9138
0.9815
0.8958
0.9411
0.9807
0.9365
0.8864
0.7967
0.8846
0.9455
0.8423
0.9860
0.9143
0.9558
0.8507
0.9668
0.9457
0.9334
0.9879
0.9944
0.6705
0.9708
0.9766
0.8202
0.8473
0.9573
0.8330
0.9264
0.8798
0.9163
0.8923
0.8487
0.9624
0.8768
0.9055
0.9610
0.8941
0.9301
0.9579
0.8858
0.9223
0.9341
0.7515
0.9839
0.9974
0.9957
0.8652
0.9588
0.9273
0.7071
0.9743
0.6678
0.9126
0.9438
0.8092
0.9844
0.9239
0.9909
0.9135
0.8849
0.8145
0.8636
0.8439
0.9891
0.8221
0.8239
0.9931
0.6007
0.8138
0.9816
0.9551
0.9088
0.8785
0.9453
0.7944
0.9684
0.8756
0.9855
0.7726
0.8288
0.9276
0.8804
0.9662
0.8819
0.9968
0.9642
0.9786
0.9509
0.7150
0.7338
0.9273
0.9766
0.7788
0.9215
0.9783
0.9656
0.9900
0.9570
0.7699
0.8950
0.9899
0.9568
0.8203
0.6580
0.8683
0.7710
0.7899
0.9673
0.9804
0.9506
0.8796
0.9694
0.7951
0.9087
0.9876
0.9211
0.9795
0.8577
0.9425
0.9959
0.7830
0.7108
0.8771
0.8324
0.9598
0.9003
0.8849
0.9716
0.8807
0.9771
0.9489
0.7929
0.9896
0.8916
0.9059
0.9767
0.9798
0.9936
0.9817
0.9045
0.9566
0.8134
0.7165
0.8598
0.9642
0.7500
0.9897
0.9867
0.8348
0.9335
0.9370
0.9979
0.9920
0.9949
0.9680
0.9342
0.9150
0.8635
0.9065
0.9686
0.8537
0.9898
0.9171
0.9331
0.8994
0.9201
0.8601
0.9566
0.9615
0.9957
0.9905
0.9805
0.8921
0.9346
0.8738
0.9744
0.6734
0.9793
0.8746
0.9487
0.9573
0.9308
0.9300
0.9377
0.9690
0.9209
0.9075
0.9211
0.9650
0.9682
0.9169
0.9425
0.8152
0.9282
0.9882
0.9595
0.9634
0.7053
0.9003
0.8491
0.9365
0.9512
0.8886
0.9656
0.8940
0.8548
0.9497
0.8412
0.9241
0.9759
0.9550
0.8924
0.9686
0.9796
0.8330
0.5597
0.9739
0.9822
0.9815
0.9788
0.9902
0.9703
0.9040
0.9711
0.9781
0.8362
0.9568
0.9427
0.7851
0.9571
0.9855
0.8730
0.8399
0.7769
0.9811
0.9643
0.9776
0.9593
0.9190
0.9108
0.9815
0.9217
0.9694
0.9956
0.9644
0.9859
0.9660
0.9015
0.9575
0.6387
0.8517
0.9372
0.9608
0.9874
0.8296
0.9627
0.9555
0.8778
0.9787
0.9322
0.6557
0.9796
0.8841
0.9488
0.9174
0.9281
0.8139
0.8660
0.9773
0.9587
0.9411
0.9359
0.9870
0.9064
0.9605
0.9568
0.9799
0.9609
0.9691
0.9677
0.9455
0.9502
0.9404
0.9598
0.9917
0.9598
0.9937
0.8747
0.9768
0.9768
0.9624
0.9692
0.9860
0.8765
0.9791
0.9898
0.9784
0.8726
0.9788
0.9403
0.9525
0.9934
0.8916
0.9515
0.8350
0.8438
0.9825
0.8340
0.9165
0.9196
0.9696
0.9644
0.9680
0.9970
0.9908
0.9030
0.9299
0.9661
0.9569
0.9780
0.8850
0.8739
0.9368
0.9262
0.9110
0.9616
0.9963
0.9385
0.9366
0.9654
0.9840
0.9822
0.9440
0.8337
0.9722
0.9519
0.9955
0.9708
0.9739
0.9255
0.9372
0.9544
0.9755
0.8132
0.9810
0.8360
0.9364
0.9725
0.8956
0.9508
0.9766
0.8785
0.9617
0.9806
0.9930
0.8763
0.9850
0.8140
0.9592
0.9754
0.9028
0.9438
0.9934
0.9244
0.9771
0.9931
0.8581
0.9789
0.9357
0.9256
0.9663
0.8273
0.9508
0.9569
0.9882
0.9856
0.8604
0.9896
0.9693
0.8986
0.9649
0.9576
0.9198
0.9538
0.8825
0.9682
0.9417
0.9829
0.9679
0.9851
0.9452
0.9683
0.9768
0.9672
0.9879
0.9675
0.9238
0.9250
0.9636
0.9700
0.8683
0.9813
0.9166
0.9757
0.8758
0.9946
0.9685
0.9879
0.9865
0.9909
0.8867
0.9894
0.9808
0.9367
0.9196
0.9741
0.9364
0.9466
0.9336
0.9547
0.9562
0.9229
0.9906
0.9706
0.9407
0.9670
0.8946
0.9480
0.9580
0.9389
0.9707
0.9704
0.8195
0.9883
0.9944
0.9952
0.9598
0.9622
0.9406
0.9501
0.9807
0.8637
0.9493
0.9727
0.9747
0.9882
0.9529
0.9896
0.9796
0.9701
0.9415
0.9600
0.9368
0.9945
0.9706
0.9431
0.9946
0.8524
0.9291
0.9841
0.9825
0.9725
0.9566
0.9831
0.9060
0.9764
0.9699
0.9779
0.8447
0.8900
0.9653
0.9281
0.9845
0.9653
0.9975
0.9916
0.9954
0.9731
0.9393
0.8369
0.9321
0.9876
0.9417
0.9455
0.9820
0.9730
0.9930
0.9748
0.8344
0.9347
0.9906
0.9772
0.8698
0.7888
0.9564
0.8970
0.8901
0.9727
0.9741
0.9560
0.9450
0.9917
0.8905
0.9476
0.9935
0.9462
0.9827
0.9087
0.9754
0.9988
0.8758
0.8851
0.9167
0.8798
0.9803
0.9642
0.9173
0.9929
0.9190
0.9823
0.9723
0.9073
0.9892
0.9559
0.9632
0.9819
0.9856
0.9952
0.9903
0.9575
0.9635
0.8707
0.8864
0.8990
0.9714
0.4711
0.9826
0.9819
0.9374
0.9522
0.9543
0.9986
0.9843
0.9899
0.9716
0.9530
0.9429
0.9455
0.9530
0.9831
0.9598
0.9868
0.9597
0.9307
0.9228
0.9521
0.9657
0.9660
0.9681
0.9949
0.9912
0.9822
0.9385
0.9836
0.9148
0.9843
0.7695
0.9801
0.8836
0.9858
0.9646
0.9432
0.9419
0.9556
0.9665
0.9587
0.9636
0.9224
0.9619
0.9752
0.9670
0.9590
0.9002
0.9558
0.9972
0.9708
0.9801
0.7555
0.9267
0.9290
0.9627
0.9659
0.9525
0.9788
0.9253
0.8797
0.9544
0.9150
0.9457
0.9785
0.9704
0.9421
0.9744
0.9828
0.9084
0.6665
0.9897
0.9940
0.9860
0.9882
0.9873
0.9792
0.9180
0.9701
0.9830
0.8934
0.9676
0.9620
0.8558
0.9788
0.9917
0.9309
0.8983
0.9153
0.9832
0.9647
0.9807
0.9873
0.9367
0.9334
0.9863
0.9455
0.9809
0.9961
0.9784
0.9819
0.9872
0.9559
0.9947
0.7199
0.8815
0.9574
0.9689
0.9854
0.8672
0.9642
0.9722
0.9124
0.9888
0.9350
0.4904
0.9822
0.9150
0.9608
0.9523
0.9308
0.8916
0.9217
0.9832
0.9804
0.9833
0.9380
0.9938
0.9282
0.9691
0.9582
0.9803
0.9631
0.9837
0.9745
0.9687
0.9769
0.9515
0.9698
0.9883
0.9708
0.9981
0.9212
0.9828
0.9795
0.9724
0.9712
0.9856
0.9255
0.9864
0.9902
0.9875
0.9270
0.9826
0.9498
0.9572
0.9934
0.9322
0.9839
0.9126
0.8820
0.9853
0.8779
0.9317
0.9364
0.9814
0.9680
0.9692
0.9977
0.9926
0.9564
0.9399
0.9748
0.9658
0.9866
0.9275
0.8960
0.9537
0.9763
0.9410
0.9749
0.9967
0.9642
0.9459
0.9668
0.9931
0.9892
0.9452
0.8424
0.9731
0.9593
0.9960
0.9735
0.9815
0.9304
0.9455
0.9559
0.9799
0.8204
0.9860
0.8869
0.9529
0.9751
0.9234
0.9599
0.9773
0.9140
0.9637
0.9828
0.9978
0.9400
0.9834
0.8354
0.9769
0.9823
0.9014
0.9559
0.9920
0.9466
0.9776
0.9935
0.8829
0.9781
0.9363
0.9429
0.9760
0.8247
0.9643
0.9677
0.9902
0.9888
0.8841
0.9873
0.9769
0.9018
0.9694
0.9681
0.9281
0.9624
0.8827
0.9842
0.9453
0.9830
0.9768
0.9864
0.9460
0.9716
0.9816
0.9659
0.9877
0.9767
0.9424
0.9445
0.9725
0.9773
0.8590
0.9825
0.9200
0.9765
0.8778
0.9949
0.9700
0.9912
0.9901
0.9895
0.9255
0.9888
0.9842
0.9511
0.9362
0.9871
0.9406
0.9504
0.9610
0.9595
0.9672
0.9220
0.9934
0.9743
0.9460
0.9742
0.9157
0.9490
0.9587
0.9575
0.9729
0.9755
0.8712
0.9893
0.9932
0.9946
0.9759
0.9658
0.9464
0.9758
0.9830
0.8877
0.9512
0.9805
0.9870
0.9864
0.9600
0.9899
0.9813
0.9755
0.9626
0.9729
0.9456
0.9953
0.9761
0.9559
0.9947
0.8385
0.9464
0.9843
0.9885
0.9836
0.9658
0.9866
0.9488
0.9740
0.9704
0.9783
0.8745
0.8990
0.9652
0.9411
0.9877
0.9752
0.9974
0.9932
0.9965
0.9802
0.9638
0.8593
0.9422
0.9887
0.9574
0.9375
0.9814
0.9748
0.9934
0.9808
0.8229
0.9412
0.9909
0.9795
0.8830
0.8186
0.9626
0.9155
0.8934
0.9726
0.9759
0.9598
0.9469
0.9948
0.8718
0.9480
0.9964
0.9583
0.9805
0.9264
0.9790
0.9990
0.8675
0.9085
0.9218
0.8878
0.9854
0.9770
0.9231
0.9944
0.9270
0.9856
0.9773
0.9337
