0.6899
0.6884
0.6844
0.6816
0.6805
0.6757
0.6720
0.6658
0.6621
0.6544
0.6484
0.6414
0.6426
0.6318
0.6181
0.6226
0.5980
0.5851
0.5762
0.5786
0.5525
0.5331
0.5128
0.5043
0.4674
0.4717
0.4475
0.4329
0.3771
0.3626
0.3331
0.3073
0.3157
0.2584
0.2463
0.2541
0.2313
0.2477
0.3082
0.1613
0.1471
0.2109
0.1332
0.1696
0.1858
0.1587
0.1837
0.0871
0.1356
0.1735
0.1889
0.2120
0.3302
0.3158
0.0833
0.1169
0.1419
0.1810
0.1541
0.2022
0.1390
0.1371
0.0869
0.1205
0.2537
0.1694
0.1118
0.2593
0.1523
0.1354
0.1253
0.1106
0.1215
0.1277
0.1583
0.1778
0.2365
0.1021
0.1045
0.1162
0.1900
0.0868
0.1687
0.2691
0.3094
0.1092
0.1149
0.1694
0.2735
0.1361
0.2107
0.1133
0.1766
0.1391
0.1667
0.2320
0.1007
0.1956
0.0980
0.1061
0.1255
0.0978
0.2404
0.1568
0.2421
0.1220
0.1343
0.3108
0.2427
0.2169
0.1659
0.3309
0.1371
0.1560
0.3617
0.1253
0.0979
0.1622
0.1627
0.2393
0.1082
0.1046
0.1045
0.0943
0.2419
0.7671
0.1426
0.2402
0.1657
0.1357
0.1044
0.1368
0.1398
0.1205
0.1066
0.1291
0.0911
0.1539
0.1167
0.2831
0.2758
0.2072
0.1288
0.1623
0.2566
0.1393
0.0812
0.0999
0.1531
0.0837
0.1330
0.1123
0.1550
0.1651
0.1095
0.0827
0.0854
0.1000
0.0878
0.1041
0.1263
0.1266
0.2764
0.0563
0.0652
0.2495
0.0724
0.1020
0.2457
0.0735
0.2336
0.2715
0.1358
0.1957
0.1424
0.0964
0.1169
0.2541
0.2141
0.1155
0.1544
0.1590
0.0930
0.1275
0.0816
0.1259
0.1358
0.1291
0.0938
0.1174
0.1983
0.2217
0.0818
0.2855
0.1056
0.1916
0.0868
0.2317
0.1688
0.1769
0.0996
0.1003
0.1480
0.1045
0.1204
0.0699
0.1010
0.1147
0.1251
0.1064
0.0919
0.2088
0.1062
0.0911
0.1808
0.0972
0.1677
0.1273
0.2226
0.0710
0.0871
0.1255
0.0910
0.1076
0.1300
0.1512
0.0993
0.1137
0.1721
0.1291
0.1185
0.1599
0.1198
0.1799
0.1160
0.0717
0.1203
0.1043
0.0622
0.0956
0.2700
0.1917
0.1937
0.0904
0.0794
0.1470
0.1461
0.1262
0.0716
0.1392
0.1067
0.0714
0.2900
0.1545
0.2121
0.0603
0.0759
0.1140
0.1593
0.0848
0.4987
0.1526
0.1343
0.0746
0.1040
0.0779
0.0832
0.2287
0.0935
0.0737
0.0945
0.1264
0.0883
0.1075
0.1112
0.0817
0.2299
0.1277
0.0902
0.1377
0.0635
0.0840
0.1766
0.1513
0.0631
0.2026
0.1393
0.1309
0.0484
0.0905
0.1811
0.1036
0.1442
0.1774
0.1558
0.2407
0.1299
0.2567
0.0986
0.0619
0.1018
0.1463
0.1146
0.1477
0.1448
0.1360
0.2192
0.1007
0.0895
0.0939
0.0760
0.1031
0.0928
0.1175
0.1628
0.1578
0.1826
0.2103
0.2076
0.0688
0.1233
0.1284
0.0936
0.1257
0.1084
0.0772
0.1881
0.1024
0.0724
0.0733
0.1810
0.0788
0.0783
0.2860
0.2109
0.0886
0.0885
0.0893
0.1366
0.0585
0.1279
0.0975
0.0736
0.1091
0.1615
0.1046
0.0687
0.2734
0.1235
0.1100
0.1773
0.1061
0.0987
0.1277
0.2163
0.1515
0.1479
0.1181
0.1485
0.1363
0.1062
0.1363
0.0672
0.0784
0.0944
0.0866
0.1836
0.2690
0.2412
0.1151
0.1067
0.0878
0.0746
0.0871
0.0792
0.0885
0.2172
0.1488
0.0847
0.2269
0.0627
0.1801
0.1223
0.0751
0.1311
0.0854
0.0787
0.1263
0.0689
0.0868
0.1202
0.1864
0.1507
0.0955
0.1493
0.0773
0.0931
0.0673
0.0862
0.0812
0.0552
0.0789
0.1824
0.0681
0.0564
0.2224
0.0812
0.0582
0.0723
0.1928
0.0948
0.0765
0.0935
0.0634
0.0560
0.1516
0.1834
0.1195
0.0847
0.0888
0.0434
0.0841
0.1637
0.0932
0.1285
0.0987
0.1772
0.1712
0.2185
0.0867
0.0780
0.1184
0.0596
0.0848
0.1380
0.1226
0.1074
0.1016
0.0860
0.1151
0.1492
0.1269
0.1892
0.1943
0.0707
0.0833
0.0899
0.1175
0.0954
0.1174
0.0785
0.0951
0.0850
0.0706
0.1552
0.0626
0.0761
0.1540
0.1037
0.1012
0.0865
0.0709
0.1221
0.0839
0.1507
0.1232
0.1333
0.0838
0.0721
0.0774
0.1513
0.0623
0.1034
0.1397
0.2813
0.0775
0.0938
0.1115
0.1633
0.0999
0.1311
0.0543
0.1219
0.0870
0.0721
0.1842
0.0826
0.1319
0.0722
0.0673
0.1315
0.0756
0.1722
0.0836
0.1561
0.1156
0.0887
0.2437
0.1894
0.1217
0.1099
0.2161
0.1169
0.1465
0.2248
0.1264
0.0697
0.0968
0.0963
0.1533
0.0767
0.0680
0.0891
0.0590
0.1480
0.8058
0.0987
0.1563
0.1023
0.1162
0.0953
0.1323
0.0944
0.1079
0.0548
0.0938
0.0597
0.0867
0.0712
0.2271
0.1415
0.1360
0.1014
0.1188
0.1781
0.1046
0.0726
0.0766
0.1005
0.0622
0.1149
0.0652
0.0957
0.1277
0.0806
0.0757
0.0871
0.0767
0.0695
0.0706
0.0799
0.1154
0.1741
0.0438
0.0455
0.1854
0.0578
0.0875
0.1723
0.0665
0.2082
0.1976
0.0796
0.1205
0.0880
0.0691
0.0663
0.1544
0.1463
0.0795
0.1131
0.1189
0.0741
0.0772
0.0637
0.0629
0.1171
0.0941
0.0781
0.0821
0.1526
0.1584
0.0528
0.2067
0.0917
0.1128
0.0828
0.2151
0.1476
0.1252
0.0872
0.0640
0.1011
0.0634
0.0759
0.0393
0.0756
0.0839
0.1163
0.0929
0.0657
0.1491
0.0827
0.0766
0.1236
0.0677
0.1360
0.1417
0.1940
0.0519
0.0701
0.1204
0.0905
0.0765
0.1150
0.1347
0.0898
0.0964
0.1531
0.1086
0.0697
0.1646
0.1051
0.1282
0.0979
0.0736
0.1097
0.0728
0.0390
0.0864
0.2266
0.1492
0.1802
0.0713
0.0591
0.1310
0.1173
0.1173
0.0542
0.1084
0.0896
0.0651
0.2279
0.1108
0.1621
0.0488
0.0659
0.0877
0.1226
0.0767
0.4686
0.1292
0.1204
0.0675
0.1273
0.0848
0.0824
0.1888
0.0864
0.0693
0.0836
0.1233
0.0977
0.0997
0.0908
0.0801
0.1648
0.1069
0.0739
0.0963
0.0611
0.0752
0.1483
0.1499
0.0558
0.1542
0.1153
0.1188
0.0433
0.0829
0.1540
0.0980
0.1037
0.1547
0.1314
0.2259
0.1167
0.2567
0.0685
0.0598
0.0968
0.1347
0.0973
0.1376
0.1174
0.0935
0.2073
0.0961
0.0812
0.0747
0.0676
0.0911
0.0795
0.0706
0.1265
0.1266
0.1699
0.1837
0.1621
0.0586
0.1031
0.0993
0.0830
0.1205
0.1125
0.0692
0.1603
0.0923
0.0650
0.0610
0.1655
0.0702
0.0704
0.2444
0.2070
0.0721
0.0708
0.0773
0.1109
0.0645
0.1040
0.0970
0.0747
0.0967
0.1435
0.0930
0.0613
0.2271
0.1096
0.0950
0.1459
0.0886
0.0817
0.1109
0.2131
0.1359
0.1152
0.1121
0.1216
0.1207
0.1008
0.1185
0.0550
0.0742
0.0947
0.0680
0.1467
0.1986
0.2432
0.1118
0.0907
0.0800
0.0753
0.0898
0.0704
0.0765
0.2083
0.1230
0.0911
0.2657
0.0589
0.1666
0.1066
0.0650
0.1346
0.0814
0.0696
0.1048
0.0554
0.0620
0.1115
0.1507
0.1349
0.0859
0.1424
0.0730
0.0885
0.0552
0.0760
0.0678
0.0442
0.0753
0.1602
0.0639
0.0558
0.1757
0.0702
0.0548
0.0633
0.1668
0.0942
0.0697
0.0837
0.0547
0.0472
0.1309
0.1655
0.0997
0.0772
0.0843
0.0379
0.0747
0.1266
0.0811
0.1203
0.0894
0.1646
0.1623
0.2024
0.0713
0.0716
0.1085
0.0513
0.0776
0.1098
0.1218
0.1032
0.1000
0.0786
0.1052
0.1373
0.1136
0.1572
0.1654
0.0569
0.0642
0.0754
0.1041
0.0921
0.1053
0.0673
0.0970
0.0859
0.0658
0.1446
0.0543
0.0700
0.1363
0.0999
0.0958
0.0850
0.0666
0.1261
0.0748
0.1349
0.1089
0.1158
0.0745
0.0676
0.0730
0.1406
0.0614
0.1007
0.1115
0.2381
0.0810
0.0893
0.0896
0.1414
0.1015
0.1128
0.0524
0.1105
0.0808
0.0690
0.1753
0.0761
0.1280
0.0664
0.0581
0.1367
0.0682
0.1535
0.0675
0.1408
0.1154
0.0829
0.2584
0.1899
0.1067
0.1012
0.1982
0.1120
0.1506
0.1741
0.1297
0.0743
0.0843
0.0923
0.1460
0.0727
0.0654
0.0982
0.0574
0.1337
0.6661
0.0908
0.1384
0.0884
0.1181
0.0915
0.1301
0.0901
0.1111
0.0452
0.0965
0.0547
0.0736
0.0709
0.1974
0.1279
0.1225
0.0958
0.1106
0.1530
0.1135
0.0667
0.0667
0.0938
0.0554
0.1158
0.0595
0.0863
0.1204
0.0714
0.0748
0.0834
0.0741
0.0626
0.0672
0.0682
0.1043
0.1465
0.0467
0.0464
0.1498
0.0559
0.0841
0.1457
0.0626
0.1972
0.1847
0.0706
0.1047
0.0867
0.0656
0.0637
0.1433
0.1282
0.0665
0.1058
0.1166
0.0601
0.0706
0.0614
0.0571
0.1295
0.0873
0.0750
0.0701
0.1428
0.1381
0.0485
0.1817
0.0945
0.1064
0.0833
0.1965
0.1385
0.1149
0.0856
0.0614
0.0918
0.0588
0.0669
0.0355
0.0687
0.0736
0.1109
0.0895
0.0623
0.1278
0.0872
0.0741
0.1158
0.0648
0.1233
0.1502
0.1810
0.0476
0.0678
0.1210
0.0862
0.0723
0.1111
0.1243
0.0905
0.0910
0.1471
0.1031
0.0601
0.1667
0.1049
0.0999
0.0882
0.0789
0.1051
0.0670
0.0335
0.0887
0.1989
0.1406
0.1738
0.0642
0.0504
0.1271
0.1088
0.1144
0.0475
0.0987
0.0857
