9.611694335937500000e+00 -3.129998779296875000e+01 2.355448341369628906e+01
9.611694335937500000e+00 -2.929998779296875000e+01 2.355448341369628906e+01
1.161169433593750000e+01 -3.329998779296875000e+01 2.355448341369628906e+01
1.161169433593750000e+01 -3.129998779296875000e+01 2.155448341369628906e+01
1.161169433593750000e+01 -3.129998779296875000e+01 2.355448341369628906e+01
1.161169433593750000e+01 -3.129998779296875000e+01 2.555448341369628906e+01
1.161169433593750000e+01 -2.929998779296875000e+01 2.155448341369628906e+01
1.161169433593750000e+01 -2.929998779296875000e+01 2.355448341369628906e+01
1.161169433593750000e+01 -2.729998779296875000e+01 2.155448341369628906e+01
1.161169433593750000e+01 -2.729998779296875000e+01 2.355448341369628906e+01
1.361169433593750000e+01 -3.329998779296875000e+01 2.155448341369628906e+01
1.361169433593750000e+01 -3.329998779296875000e+01 2.355448341369628906e+01
1.361169433593750000e+01 -3.329998779296875000e+01 2.555448341369628906e+01
1.361169433593750000e+01 -3.129998779296875000e+01 1.955448341369628906e+01
1.361169433593750000e+01 -3.129998779296875000e+01 2.155448341369628906e+01
1.361169433593750000e+01 -3.129998779296875000e+01 2.355448341369628906e+01
1.361169433593750000e+01 -3.129998779296875000e+01 2.555448341369628906e+01
1.361169433593750000e+01 -2.929998779296875000e+01 1.955448341369628906e+01
1.361169433593750000e+01 -2.929998779296875000e+01 2.155448341369628906e+01
1.361169433593750000e+01 -2.929998779296875000e+01 2.355448341369628906e+01
1.361169433593750000e+01 -2.929998779296875000e+01 2.555448341369628906e+01
1.361169433593750000e+01 -2.729998779296875000e+01 1.955448341369628906e+01
1.361169433593750000e+01 -2.729998779296875000e+01 2.155448341369628906e+01
1.361169433593750000e+01 -2.729998779296875000e+01 2.355448341369628906e+01
1.361169433593750000e+01 -2.729998779296875000e+01 2.555448341369628906e+01
1.361169433593750000e+01 -2.529998779296875000e+01 2.155448341369628906e+01
1.561169433593750000e+01 -3.329998779296875000e+01 2.155448341369628906e+01
1.561169433593750000e+01 -3.329998779296875000e+01 2.355448341369628906e+01
1.561169433593750000e+01 -3.129998779296875000e+01 1.955448341369628906e+01
1.561169433593750000e+01 -3.129998779296875000e+01 2.155448341369628906e+01
1.561169433593750000e+01 -3.129998779296875000e+01 2.355448341369628906e+01
1.561169433593750000e+01 -3.129998779296875000e+01 2.555448341369628906e+01
1.561169433593750000e+01 -2.929998779296875000e+01 1.955448341369628906e+01
1.561169433593750000e+01 -2.929998779296875000e+01 2.155448341369628906e+01
1.561169433593750000e+01 -2.929998779296875000e+01 2.355448341369628906e+01
1.561169433593750000e+01 -2.929998779296875000e+01 2.555448341369628906e+01
1.561169433593750000e+01 -2.729998779296875000e+01 1.955448341369628906e+01
1.561169433593750000e+01 -2.729998779296875000e+01 2.155448341369628906e+01
1.561169433593750000e+01 -2.729998779296875000e+01 2.355448341369628906e+01
1.761169433593750000e+01 -3.329998779296875000e+01 2.355448341369628906e+01
1.761169433593750000e+01 -3.129998779296875000e+01 2.155448341369628906e+01
1.761169433593750000e+01 -3.129998779296875000e+01 2.355448341369628906e+01
1.761169433593750000e+01 -2.929998779296875000e+01 1.955448341369628906e+01
1.761169433593750000e+01 -2.929998779296875000e+01 2.155448341369628906e+01
1.761169433593750000e+01 -2.929998779296875000e+01 2.355448341369628906e+01
