0.4273
0.5830
0.6524
0.6783
0.7296
0.7489
0.7652
0.7646
0.7858
0.8171
0.8171
0.8111
0.8220
0.8401
0.8485
0.8546
0.8533
0.8696
0.8570
0.8660
0.8877
0.8702
0.8823
0.8859
0.8642
0.8811
0.9022
0.8920
0.8877
0.8890
0.8974
0.8914
0.9016
0.9040
0.9040
0.9083
0.9010
0.8944
0.9046
0.8980
0.9071
0.8986
0.9077
0.8956
0.9016
0.9209
0.9016
0.9294
0.9113
0.9107
0.9125
0.9143
0.9228
0.9101
0.9270
0.9203
0.9282
0.9234
0.9095
0.9330
0.9246
0.9161
0.9209
0.9421
0.9330
0.9324
0.9131
0.9246
0.9469
0.9234
0.9282
0.9197
0.9252
0.9294
0.9342
0.9107
0.9360
0.9366
0.9300
0.9173
0.9209
0.9342
0.9354
0.9294
0.9306
0.9366
0.9360
0.9288
0.9330
0.9318
0.9451
0.9384
0.9324
0.9330
0.9415
0.9457
0.9384
0.9439
0.9403
0.9469
0.9366
0.9427
0.9342
0.9318
0.9505
0.9409
0.9451
0.9433
0.9324
0.9342
0.9427
0.9421
0.9403
0.9318
0.9390
0.9427
0.9457
0.9451
0.9409
0.9378
0.9499
0.9342
0.9487
0.9421
0.9553
0.9535
0.9517
0.9403
0.9505
0.9565
0.9547
0.9493
0.9505
0.9469
0.9517
0.9499
0.9499
0.9396
0.9336
0.9390
0.9487
0.9481
0.9572
0.9535
0.9409
0.9390
0.9505
0.9505
0.9535
0.9439
0.9403
0.9529
0.9427
0.9378
0.9590
0.9572
0.9541
0.9602
0.9565
0.9572
0.9650
0.9475
0.9584
0.9493
0.9463
0.9590
0.9674
0.9511
0.9529
0.9602
0.9409
0.9590
0.9626
0.9493
0.9572
0.9686
0.9565
0.9553
0.9553
0.9535
0.9578
0.9553
0.9572
0.9396
0.9511
0.9668
0.9632
0.9710
0.9553
0.9596
0.9553
0.9499
0.9608
0.9590
0.9626
0.9638
0.9463
0.9578
0.9590
0.9463
