1.5429
1.1757
1.0422
0.9509
0.8828
0.8032
0.7544
0.7130
0.6740
0.6268
0.5835
0.6008
0.5646
0.5470
0.5020
0.4859
0.4716
0.4391
0.4286
0.4195
0.4145
0.3768
0.3732
0.3760
0.3490
0.3363
0.3275
0.3100
0.3202
0.2877
0.2810
0.2769
0.2898
0.2819
0.2602
0.2375
0.2491
0.2274
0.2336
0.2129
0.2271
0.2125
0.1979
0.2031
0.1898
0.1973
0.1966
0.1718
0.1802
0.1814
0.1726
0.1541
0.1719
0.1667
0.1571
0.1496
0.1506
0.1673
0.1396
0.1469
0.1365
0.1360
0.1298
0.1162
0.1271
0.1288
0.1220
0.1227
0.1263
0.1036
0.1137
0.1124
0.1136
0.1145
0.1173
0.1070
0.0999
0.1008
0.0948
0.1124
0.0915
0.1119
0.1070
0.0946
0.1193
0.0980
0.0874
0.0889
0.1088
0.1083
0.0868
0.0997
0.0813
0.0712
0.0726
0.0762
0.0746
0.0627
0.0791
0.0751
0.0803
0.0741
0.0772
0.0674
0.0652
0.0919
0.0795
0.0651
0.0641
0.0639
0.0728
0.0654
0.0679
0.0657
0.0749
0.0599
0.0775
0.0809
0.0624
0.0629
0.0725
0.0769
0.0739
0.0699
0.0539
0.0543
0.0600
0.0594
0.0622
0.0588
0.0640
0.0522
0.0600
0.0575
0.0577
0.0518
0.0526
0.0634
0.0479
0.0500
0.0539
0.0561
0.0502
0.0531
