-2.996924638748168945e+00 3.242045593261718750e+01 3.894413471221923828e+00
-9.969246387481689453e-01 3.042045593261718750e+01 1.894413590431213379e+00
-9.969246387481689453e-01 3.042045593261718750e+01 3.894413471221923828e+00
-9.969246387481689453e-01 3.242045593261718750e+01 1.894413590431213379e+00
-9.969246387481689453e-01 3.242045593261718750e+01 3.894413471221923828e+00
-9.969246387481689453e-01 3.242045593261718750e+01 5.894413471221923828e+00
-9.969246387481689453e-01 3.442045593261718750e+01 1.894413590431213379e+00
-9.969246387481689453e-01 3.442045593261718750e+01 3.894413471221923828e+00
1.003075361251831055e+00 2.042045593261718750e+01 1.894413590431213379e+00
1.003075361251831055e+00 2.842045593261718750e+01 1.894413590431213379e+00
1.003075361251831055e+00 2.842045593261718750e+01 3.894413471221923828e+00
1.003075361251831055e+00 3.042045593261718750e+01 -1.055864617228507996e-01
1.003075361251831055e+00 3.042045593261718750e+01 1.894413590431213379e+00
1.003075361251831055e+00 3.042045593261718750e+01 3.894413471221923828e+00
1.003075361251831055e+00 3.042045593261718750e+01 5.894413471221923828e+00
1.003075361251831055e+00 3.242045593261718750e+01 -2.105586528778076172e+00
1.003075361251831055e+00 3.242045593261718750e+01 -1.055864617228507996e-01
1.003075361251831055e+00 3.242045593261718750e+01 1.894413590431213379e+00
1.003075361251831055e+00 3.242045593261718750e+01 3.894413471221923828e+00
1.003075361251831055e+00 3.242045593261718750e+01 5.894413471221923828e+00
1.003075361251831055e+00 3.242045593261718750e+01 7.894413471221923828e+00
1.003075361251831055e+00 3.442045593261718750e+01 -1.055864617228507996e-01
1.003075361251831055e+00 3.442045593261718750e+01 1.894413590431213379e+00
1.003075361251831055e+00 3.442045593261718750e+01 3.894413471221923828e+00
1.003075361251831055e+00 3.442045593261718750e+01 5.894413471221923828e+00
3.003075361251831055e+00 1.642045593261718750e+01 3.894413471221923828e+00
3.003075361251831055e+00 1.842045593261718750e+01 1.894413590431213379e+00
3.003075361251831055e+00 1.842045593261718750e+01 3.894413471221923828e+00
3.003075361251831055e+00 1.842045593261718750e+01 5.894413471221923828e+00
3.003075361251831055e+00 2.042045593261718750e+01 1.894413590431213379e+00
3.003075361251831055e+00 2.042045593261718750e+01 3.894413471221923828e+00
3.003075361251831055e+00 2.042045593261718750e+01 5.894413471221923828e+00
3.003075361251831055e+00 2.242045593261718750e+01 -1.055864617228507996e-01
3.003075361251831055e+00 2.242045593261718750e+01 1.894413590431213379e+00
3.003075361251831055e+00 2.242045593261718750e+01 3.894413471221923828e+00
3.003075361251831055e+00 2.442045593261718750e+01 -1.055864617228507996e-01
3.003075361251831055e+00 2.442045593261718750e+01 1.894413590431213379e+00
3.003075361251831055e+00 2.442045593261718750e+01 3.894413471221923828e+00
3.003075361251831055e+00 2.642045593261718750e+01 -2.105586528778076172e+00
3.003075361251831055e+00 2.642045593261718750e+01 -1.055864617228507996e-01
3.003075361251831055e+00 2.642045593261718750e+01 1.894413590431213379e+00
3.003075361251831055e+00 2.642045593261718750e+01 3.894413471221923828e+00
3.003075361251831055e+00 2.842045593261718750e+01 -1.055864617228507996e-01
3.003075361251831055e+00 2.842045593261718750e+01 1.894413590431213379e+00
3.003075361251831055e+00 2.842045593261718750e+01 3.894413471221923828e+00
3.003075361251831055e+00 2.842045593261718750e+01 5.894413471221923828e+00
3.003075361251831055e+00 3.042045593261718750e+01 -2.105586528778076172e+00
3.003075361251831055e+00 3.042045593261718750e+01 -1.055864617228507996e-01
3.003075361251831055e+00 3.042045593261718750e+01 3.894413471221923828e+00
3.003075361251831055e+00 3.042045593261718750e+01 5.894413471221923828e+00
3.003075361251831055e+00 3.242045593261718750e+01 -2.105586528778076172e+00
3.003075361251831055e+00 3.242045593261718750e+01 -1.055864617228507996e-01
3.003075361251831055e+00 3.242045593261718750e+01 1.894413590431213379e+00
3.003075361251831055e+00 3.242045593261718750e+01 3.894413471221923828e+00
3.003075361251831055e+00 3.242045593261718750e+01 5.894413471221923828e+00
3.003075361251831055e+00 3.242045593261718750e+01 7.894413471221923828e+00
3.003075361251831055e+00 3.442045593261718750e+01 -2.105586528778076172e+00
3.003075361251831055e+00 3.442045593261718750e+01 -1.055864617228507996e-01
3.003075361251831055e+00 3.442045593261718750e+01 1.894413590431213379e+00
3.003075361251831055e+00 3.442045593261718750e+01 3.894413471221923828e+00
3.003075361251831055e+00 3.442045593261718750e+01 5.894413471221923828e+00
3.003075361251831055e+00 3.442045593261718750e+01 7.894413471221923828e+00
3.003075361251831055e+00 3.642045593261718750e+01 -2.105586528778076172e+00
3.003075361251831055e+00 3.642045593261718750e+01 -1.055864617228507996e-01
5.003075122833251953e+00 8.420454978942871094e+00 5.894413471221923828e+00
5.003075122833251953e+00 1.442045497894287109e+01 3.894413471221923828e+00
5.003075122833251953e+00 1.642045593261718750e+01 1.894413590431213379e+00
5.003075122833251953e+00 1.642045593261718750e+01 3.894413471221923828e+00
5.003075122833251953e+00 1.642045593261718750e+01 5.894413471221923828e+00
5.003075122833251953e+00 1.842045593261718750e+01 -1.055864617228507996e-01
5.003075122833251953e+00 1.842045593261718750e+01 1.894413590431213379e+00
5.003075122833251953e+00 1.842045593261718750e+01 5.894413471221923828e+00
5.003075122833251953e+00 2.042045593261718750e+01 -1.055864617228507996e-01
5.003075122833251953e+00 2.042045593261718750e+01 1.894413590431213379e+00
5.003075122833251953e+00 2.042045593261718750e+01 3.894413471221923828e+00
5.003075122833251953e+00 2.042045593261718750e+01 5.894413471221923828e+00
5.003075122833251953e+00 2.242045593261718750e+01 -2.105586528778076172e+00
5.003075122833251953e+00 2.242045593261718750e+01 -1.055864617228507996e-01
5.003075122833251953e+00 2.242045593261718750e+01 1.894413590431213379e+00
5.003075122833251953e+00 2.242045593261718750e+01 5.894413471221923828e+00
5.003075122833251953e+00 2.442045593261718750e+01 -2.105586528778076172e+00
5.003075122833251953e+00 2.442045593261718750e+01 -1.055864617228507996e-01
5.003075122833251953e+00 2.442045593261718750e+01 3.894413471221923828e+00
5.003075122833251953e+00 2.442045593261718750e+01 5.894413471221923828e+00
5.003075122833251953e+00 2.642045593261718750e+01 -2.105586528778076172e+00
5.003075122833251953e+00 2.642045593261718750e+01 1.894413590431213379e+00
5.003075122833251953e+00 2.642045593261718750e+01 3.894413471221923828e+00
5.003075122833251953e+00 2.842045593261718750e+01 -2.105586528778076172e+00
5.003075122833251953e+00 2.842045593261718750e+01 -1.055864617228507996e-01
5.003075122833251953e+00 2.842045593261718750e+01 3.894413471221923828e+00
5.003075122833251953e+00 3.042045593261718750e+01 -6.105586528778076172e+00
5.003075122833251953e+00 3.042045593261718750e+01 -4.105586528778076172e+00
5.003075122833251953e+00 3.042045593261718750e+01 -2.105586528778076172e+00
5.003075122833251953e+00 3.042045593261718750e+01 7.894413471221923828e+00
5.003075122833251953e+00 3.242045593261718750e+01 -4.105586528778076172e+00
5.003075122833251953e+00 3.242045593261718750e+01 -2.105586528778076172e+00
5.003075122833251953e+00 3.242045593261718750e+01 5.894413471221923828e+00
5.003075122833251953e+00 3.442045593261718750e+01 -2.105586528778076172e+00
5.003075122833251953e+00 3.442045593261718750e+01 1.894413590431213379e+00
5.003075122833251953e+00 3.442045593261718750e+01 3.894413471221923828e+00
5.003075122833251953e+00 3.442045593261718750e+01 5.894413471221923828e+00
5.003075122833251953e+00 3.442045593261718750e+01 7.894413471221923828e+00
5.003075122833251953e+00 3.442045593261718750e+01 9.894413948059082031e+00
5.003075122833251953e+00 3.642045593261718750e+01 1.894413590431213379e+00
5.003075122833251953e+00 3.642045593261718750e+01 7.894413471221923828e+00
7.003075122833251953e+00 4.420455455780029297e+00 7.894413471221923828e+00
7.003075122833251953e+00 6.420455455780029297e+00 3.894413471221923828e+00
7.003075122833251953e+00 6.420455455780029297e+00 5.894413471221923828e+00
7.003075122833251953e+00 6.420455455780029297e+00 7.894413471221923828e+00
7.003075122833251953e+00 6.420455455780029297e+00 9.894413948059082031e+00
7.003075122833251953e+00 8.420454978942871094e+00 3.894413471221923828e+00
7.003075122833251953e+00 8.420454978942871094e+00 5.894413471221923828e+00
7.003075122833251953e+00 8.420454978942871094e+00 7.894413471221923828e+00
7.003075122833251953e+00 8.420454978942871094e+00 9.894413948059082031e+00
7.003075122833251953e+00 1.042045497894287109e+01 3.894413471221923828e+00
7.003075122833251953e+00 1.042045497894287109e+01 5.894413471221923828e+00
7.003075122833251953e+00 1.042045497894287109e+01 7.894413471221923828e+00
7.003075122833251953e+00 1.042045497894287109e+01 9.894413948059082031e+00
7.003075122833251953e+00 1.242045497894287109e+01 3.894413471221923828e+00
7.003075122833251953e+00 1.442045497894287109e+01 3.894413471221923828e+00
7.003075122833251953e+00 1.442045497894287109e+01 5.894413471221923828e+00
7.003075122833251953e+00 1.642045593261718750e+01 1.894413590431213379e+00
7.003075122833251953e+00 1.642045593261718750e+01 5.894413471221923828e+00
7.003075122833251953e+00 1.642045593261718750e+01 7.894413471221923828e+00
7.003075122833251953e+00 1.642045593261718750e+01 9.894413948059082031e+00
7.003075122833251953e+00 1.842045593261718750e+01 -1.055864617228507996e-01
7.003075122833251953e+00 1.842045593261718750e+01 7.894413471221923828e+00
7.003075122833251953e+00 2.042045593261718750e+01 -1.055864617228507996e-01
7.003075122833251953e+00 2.042045593261718750e+01 1.894413590431213379e+00
7.003075122833251953e+00 2.042045593261718750e+01 5.894413471221923828e+00
7.003075122833251953e+00 2.042045593261718750e+01 7.894413471221923828e+00
7.003075122833251953e+00 2.242045593261718750e+01 -2.105586528778076172e+00
7.003075122833251953e+00 2.242045593261718750e+01 -1.055864617228507996e-01
7.003075122833251953e+00 2.242045593261718750e+01 7.894413471221923828e+00
7.003075122833251953e+00 2.642045593261718750e+01 3.894413471221923828e+00
7.003075122833251953e+00 2.842045593261718750e+01 -4.105586528778076172e+00
7.003075122833251953e+00 2.842045593261718750e+01 -2.105586528778076172e+00
7.003075122833251953e+00 3.042045593261718750e+01 -4.105586528778076172e+00
7.003075122833251953e+00 3.442045593261718750e+01 5.894413471221923828e+00
7.003075122833251953e+00 3.442045593261718750e+01 1.189441394805908203e+01
9.003075599670410156e+00 4.420455455780029297e+00 7.894413471221923828e+00
9.003075599670410156e+00 6.420455455780029297e+00 5.894413471221923828e+00
9.003075599670410156e+00 6.420455455780029297e+00 7.894413471221923828e+00
9.003075599670410156e+00 8.420454978942871094e+00 3.894413471221923828e+00
9.003075599670410156e+00 8.420454978942871094e+00 5.894413471221923828e+00
9.003075599670410156e+00 8.420454978942871094e+00 7.894413471221923828e+00
9.003075599670410156e+00 1.042045497894287109e+01 1.894413590431213379e+00
9.003075599670410156e+00 1.042045497894287109e+01 3.894413471221923828e+00
9.003075599670410156e+00 1.042045497894287109e+01 5.894413471221923828e+00
9.003075599670410156e+00 1.042045497894287109e+01 7.894413471221923828e+00
9.003075599670410156e+00 1.042045497894287109e+01 9.894413948059082031e+00
9.003075599670410156e+00 1.242045497894287109e+01 3.894413471221923828e+00
9.003075599670410156e+00 1.242045497894287109e+01 5.894413471221923828e+00
9.003075599670410156e+00 1.242045497894287109e+01 7.894413471221923828e+00
9.003075599670410156e+00 1.442045497894287109e+01 3.894413471221923828e+00
9.003075599670410156e+00 1.442045497894287109e+01 5.894413471221923828e+00
9.003075599670410156e+00 1.442045497894287109e+01 7.894413471221923828e+00
9.003075599670410156e+00 1.642045593261718750e+01 1.894413590431213379e+00
9.003075599670410156e+00 1.642045593261718750e+01 3.894413471221923828e+00
9.003075599670410156e+00 1.642045593261718750e+01 5.894413471221923828e+00
9.003075599670410156e+00 1.642045593261718750e+01 7.894413471221923828e+00
9.003075599670410156e+00 1.642045593261718750e+01 9.894413948059082031e+00
9.003075599670410156e+00 1.842045593261718750e+01 -1.055864617228507996e-01
9.003075599670410156e+00 1.842045593261718750e+01 1.894413590431213379e+00
9.003075599670410156e+00 1.842045593261718750e+01 5.894413471221923828e+00
9.003075599670410156e+00 1.842045593261718750e+01 7.894413471221923828e+00
9.003075599670410156e+00 1.842045593261718750e+01 9.894413948059082031e+00
9.003075599670410156e+00 2.042045593261718750e+01 -1.055864617228507996e-01
9.003075599670410156e+00 2.042045593261718750e+01 1.894413590431213379e+00
9.003075599670410156e+00 2.042045593261718750e+01 5.894413471221923828e+00
9.003075599670410156e+00 2.042045593261718750e+01 7.894413471221923828e+00
9.003075599670410156e+00 2.042045593261718750e+01 9.894413948059082031e+00
9.003075599670410156e+00 2.242045593261718750e+01 -2.105586528778076172e+00
9.003075599670410156e+00 2.242045593261718750e+01 -1.055864617228507996e-01
9.003075599670410156e+00 2.242045593261718750e+01 7.894413471221923828e+00
9.003075599670410156e+00 2.442045593261718750e+01 9.894413948059082031e+00
9.003075599670410156e+00 3.242045593261718750e+01 9.894413948059082031e+00
1.100307559967041016e+01 8.420454978942871094e+00 5.894413471221923828e+00
1.100307559967041016e+01 8.420454978942871094e+00 7.894413471221923828e+00
1.100307559967041016e+01 1.042045497894287109e+01 3.894413471221923828e+00
1.100307559967041016e+01 1.042045497894287109e+01 5.894413471221923828e+00
1.100307559967041016e+01 1.242045497894287109e+01 5.894413471221923828e+00
1.100307559967041016e+01 1.442045497894287109e+01 5.894413471221923828e+00
1.100307559967041016e+01 1.442045497894287109e+01 7.894413471221923828e+00
1.100307559967041016e+01 1.642045593261718750e+01 -1.055864617228507996e-01
1.100307559967041016e+01 1.642045593261718750e+01 3.894413471221923828e+00
1.100307559967041016e+01 1.642045593261718750e+01 5.894413471221923828e+00
1.100307559967041016e+01 1.642045593261718750e+01 7.894413471221923828e+00
1.100307559967041016e+01 1.642045593261718750e+01 9.894413948059082031e+00
1.100307559967041016e+01 1.842045593261718750e+01 -1.055864617228507996e-01
1.100307559967041016e+01 1.842045593261718750e+01 1.894413590431213379e+00
1.100307559967041016e+01 1.842045593261718750e+01 5.894413471221923828e+00
1.100307559967041016e+01 1.842045593261718750e+01 7.894413471221923828e+00
1.100307559967041016e+01 1.842045593261718750e+01 9.894413948059082031e+00
1.100307559967041016e+01 2.042045593261718750e+01 -2.105586528778076172e+00
1.100307559967041016e+01 2.042045593261718750e+01 -1.055864617228507996e-01
1.100307559967041016e+01 2.042045593261718750e+01 7.894413471221923828e+00
1.100307559967041016e+01 2.042045593261718750e+01 9.894413948059082031e+00
1.100307559967041016e+01 2.042045593261718750e+01 1.189441394805908203e+01
1.100307559967041016e+01 2.242045593261718750e+01 9.894413948059082031e+00
1.100307559967041016e+01 2.442045593261718750e+01 9.894413948059082031e+00
1.300307559967041016e+01 1.442045497894287109e+01 7.894413471221923828e+00
1.300307559967041016e+01 1.642045593261718750e+01 1.894413590431213379e+00
1.300307559967041016e+01 1.642045593261718750e+01 3.894413471221923828e+00
1.300307559967041016e+01 1.642045593261718750e+01 5.894413471221923828e+00
1.300307559967041016e+01 1.642045593261718750e+01 7.894413471221923828e+00
1.300307559967041016e+01 1.642045593261718750e+01 9.894413948059082031e+00
1.300307559967041016e+01 1.842045593261718750e+01 -1.055864617228507996e-01
1.300307559967041016e+01 1.842045593261718750e+01 1.894413590431213379e+00
1.300307559967041016e+01 1.842045593261718750e+01 3.894413471221923828e+00
1.300307559967041016e+01 1.842045593261718750e+01 5.894413471221923828e+00
1.300307559967041016e+01 1.842045593261718750e+01 7.894413471221923828e+00
1.300307559967041016e+01 1.842045593261718750e+01 9.894413948059082031e+00
1.300307559967041016e+01 1.842045593261718750e+01 1.189441394805908203e+01
1.300307559967041016e+01 2.042045593261718750e+01 -4.105586528778076172e+00
1.300307559967041016e+01 2.042045593261718750e+01 -2.105586528778076172e+00
1.300307559967041016e+01 2.042045593261718750e+01 -1.055864617228507996e-01
1.300307559967041016e+01 2.042045593261718750e+01 1.894413590431213379e+00
1.300307559967041016e+01 2.042045593261718750e+01 5.894413471221923828e+00
1.300307559967041016e+01 2.042045593261718750e+01 7.894413471221923828e+00
1.300307559967041016e+01 2.042045593261718750e+01 9.894413948059082031e+00
1.300307559967041016e+01 2.042045593261718750e+01 1.189441394805908203e+01
1.300307559967041016e+01 2.242045593261718750e+01 7.894413471221923828e+00
1.300307559967041016e+01 2.242045593261718750e+01 9.894413948059082031e+00
1.300307559967041016e+01 2.242045593261718750e+01 1.189441394805908203e+01
1.300307559967041016e+01 2.242045593261718750e+01 1.389441394805908203e+01
1.300307559967041016e+01 2.442045593261718750e+01 5.894413471221923828e+00
1.300307559967041016e+01 2.442045593261718750e+01 7.894413471221923828e+00
1.300307559967041016e+01 2.442045593261718750e+01 9.894413948059082031e+00
1.300307559967041016e+01 2.442045593261718750e+01 1.189441394805908203e+01
1.300307559967041016e+01 2.642045593261718750e+01 5.894413471221923828e+00
1.500307559967041016e+01 1.442045497894287109e+01 1.389441394805908203e+01
1.500307559967041016e+01 1.442045497894287109e+01 1.589441394805908203e+01
1.500307559967041016e+01 1.642045593261718750e+01 7.894413471221923828e+00
1.500307559967041016e+01 1.642045593261718750e+01 9.894413948059082031e+00
1.500307559967041016e+01 1.642045593261718750e+01 1.189441394805908203e+01
1.500307559967041016e+01 1.842045593261718750e+01 -2.105586528778076172e+00
1.500307559967041016e+01 1.842045593261718750e+01 1.894413590431213379e+00
1.500307559967041016e+01 1.842045593261718750e+01 3.894413471221923828e+00
1.500307559967041016e+01 1.842045593261718750e+01 5.894413471221923828e+00
1.500307559967041016e+01 1.842045593261718750e+01 7.894413471221923828e+00
1.500307559967041016e+01 1.842045593261718750e+01 9.894413948059082031e+00
1.500307559967041016e+01 1.842045593261718750e+01 1.189441394805908203e+01
1.500307559967041016e+01 1.842045593261718750e+01 1.389441394805908203e+01
1.500307559967041016e+01 2.042045593261718750e+01 -2.105586528778076172e+00
1.500307559967041016e+01 2.042045593261718750e+01 -1.055864617228507996e-01
1.500307559967041016e+01 2.042045593261718750e+01 1.894413590431213379e+00
1.500307559967041016e+01 2.042045593261718750e+01 3.894413471221923828e+00
1.500307559967041016e+01 2.042045593261718750e+01 5.894413471221923828e+00
1.500307559967041016e+01 2.042045593261718750e+01 7.894413471221923828e+00
1.500307559967041016e+01 2.042045593261718750e+01 9.894413948059082031e+00
1.500307559967041016e+01 2.042045593261718750e+01 1.189441394805908203e+01
1.500307559967041016e+01 2.242045593261718750e+01 1.894413590431213379e+00
1.500307559967041016e+01 2.242045593261718750e+01 3.894413471221923828e+00
1.500307559967041016e+01 2.242045593261718750e+01 5.894413471221923828e+00
1.500307559967041016e+01 2.242045593261718750e+01 7.894413471221923828e+00
1.500307559967041016e+01 2.242045593261718750e+01 9.894413948059082031e+00
1.500307559967041016e+01 2.242045593261718750e+01 1.189441394805908203e+01
1.500307559967041016e+01 2.442045593261718750e+01 9.894413948059082031e+00
1.500307559967041016e+01 2.642045593261718750e+01 3.894413471221923828e+00
1.700307464599609375e+01 1.642045593261718750e+01 -4.105586528778076172e+00
1.700307464599609375e+01 1.642045593261718750e+01 -2.105586528778076172e+00
1.700307464599609375e+01 1.642045593261718750e+01 7.894413471221923828e+00
1.700307464599609375e+01 1.642045593261718750e+01 1.189441394805908203e+01
1.700307464599609375e+01 1.842045593261718750e+01 -2.105586528778076172e+00
1.700307464599609375e+01 1.842045593261718750e+01 -1.055864617228507996e-01
1.700307464599609375e+01 1.842045593261718750e+01 7.894413471221923828e+00
1.700307464599609375e+01 1.842045593261718750e+01 9.894413948059082031e+00
1.700307464599609375e+01 1.842045593261718750e+01 1.189441394805908203e+01
1.700307464599609375e+01 2.042045593261718750e+01 -1.055864617228507996e-01
1.700307464599609375e+01 2.042045593261718750e+01 1.894413590431213379e+00
1.700307464599609375e+01 2.042045593261718750e+01 3.894413471221923828e+00
1.700307464599609375e+01 2.042045593261718750e+01 9.894413948059082031e+00
1.700307464599609375e+01 2.242045593261718750e+01 -1.055864617228507996e-01
1.700307464599609375e+01 2.242045593261718750e+01 1.894413590431213379e+00
1.700307464599609375e+01 2.242045593261718750e+01 9.894413948059082031e+00
1.700307464599609375e+01 2.242045593261718750e+01 1.189441394805908203e+01
1.700307464599609375e+01 2.442045593261718750e+01 9.894413948059082031e+00
1.700307464599609375e+01 2.642045593261718750e+01 9.894413948059082031e+00
1.900307464599609375e+01 1.242045497894287109e+01 -6.105586528778076172e+00
1.900307464599609375e+01 1.242045497894287109e+01 -4.105586528778076172e+00
1.900307464599609375e+01 1.442045497894287109e+01 -6.105586528778076172e+00
1.900307464599609375e+01 1.442045497894287109e+01 -4.105586528778076172e+00
1.900307464599609375e+01 1.442045497894287109e+01 -2.105586528778076172e+00
1.900307464599609375e+01 1.642045593261718750e+01 -6.105586528778076172e+00
1.900307464599609375e+01 1.642045593261718750e+01 -4.105586528778076172e+00
1.900307464599609375e+01 1.642045593261718750e+01 -2.105586528778076172e+00
1.900307464599609375e+01 1.642045593261718750e+01 -1.055864617228507996e-01
1.900307464599609375e+01 1.642045593261718750e+01 1.189441394805908203e+01
1.900307464599609375e+01 1.842045593261718750e+01 -4.105586528778076172e+00
1.900307464599609375e+01 1.842045593261718750e+01 -1.055864617228507996e-01
1.900307464599609375e+01 1.842045593261718750e+01 1.894413590431213379e+00
1.900307464599609375e+01 1.842045593261718750e+01 1.189441394805908203e+01
1.900307464599609375e+01 2.042045593261718750e+01 1.894413590431213379e+00
1.900307464599609375e+01 2.242045593261718750e+01 -1.055864617228507996e-01
2.100307464599609375e+01 1.242045497894287109e+01 -6.105586528778076172e+00
2.100307464599609375e+01 1.242045497894287109e+01 -4.105586528778076172e+00
2.100307464599609375e+01 1.242045497894287109e+01 -2.105586528778076172e+00
2.100307464599609375e+01 1.442045497894287109e+01 -6.105586528778076172e+00
2.100307464599609375e+01 1.442045497894287109e+01 -4.105586528778076172e+00
2.100307464599609375e+01 1.442045497894287109e+01 -2.105586528778076172e+00
2.100307464599609375e+01 1.642045593261718750e+01 -8.105586051940917969e+00
2.100307464599609375e+01 1.642045593261718750e+01 -2.105586528778076172e+00
2.100307464599609375e+01 1.642045593261718750e+01 -1.055864617228507996e-01
2.100307464599609375e+01 1.842045593261718750e+01 -1.055864617228507996e-01
2.100307464599609375e+01 1.842045593261718750e+01 1.894413590431213379e+00
2.100307464599609375e+01 2.242045593261718750e+01 -1.055864617228507996e-01
2.300307464599609375e+01 1.242045497894287109e+01 -6.105586528778076172e+00
2.300307464599609375e+01 1.242045497894287109e+01 -4.105586528778076172e+00
2.300307464599609375e+01 1.242045497894287109e+01 -2.105586528778076172e+00
2.300307464599609375e+01 1.442045497894287109e+01 -6.105586528778076172e+00
2.300307464599609375e+01 1.442045497894287109e+01 -2.105586528778076172e+00
2.300307464599609375e+01 1.642045593261718750e+01 -8.105586051940917969e+00
2.300307464599609375e+01 1.642045593261718750e+01 -1.055864617228507996e-01
2.300307464599609375e+01 1.842045593261718750e+01 -1.055864617228507996e-01
2.300307464599609375e+01 2.042045593261718750e+01 -1.055864617228507996e-01
2.500307464599609375e+01 1.242045497894287109e+01 -4.105586528778076172e+00
2.500307464599609375e+01 1.442045497894287109e+01 -6.105586528778076172e+00
2.500307464599609375e+01 1.442045497894287109e+01 -4.105586528778076172e+00
2.500307464599609375e+01 1.442045497894287109e+01 -2.105586528778076172e+00
2.500307464599609375e+01 1.642045593261718750e+01 -8.105586051940917969e+00
2.500307464599609375e+01 1.642045593261718750e+01 -6.105586528778076172e+00
2.500307464599609375e+01 1.642045593261718750e+01 -2.105586528778076172e+00
2.500307464599609375e+01 1.642045593261718750e+01 -1.055864617228507996e-01
2.500307464599609375e+01 1.842045593261718750e+01 -1.055864617228507996e-01
2.700307464599609375e+01 1.442045497894287109e+01 -6.105586528778076172e+00
2.700307464599609375e+01 1.442045497894287109e+01 -4.105586528778076172e+00
2.700307464599609375e+01 1.642045593261718750e+01 -4.105586528778076172e+00
2.700307464599609375e+01 1.642045593261718750e+01 -2.105586528778076172e+00
2.700307464599609375e+01 1.842045593261718750e+01 -2.105586528778076172e+00
2.900307464599609375e+01 1.442045497894287109e+01 -6.105586528778076172e+00
2.900307464599609375e+01 1.442045497894287109e+01 -4.105586528778076172e+00
2.900307464599609375e+01 1.642045593261718750e+01 -4.105586528778076172e+00
2.900307464599609375e+01 1.842045593261718750e+01 -4.105586528778076172e+00
2.900307464599609375e+01 2.042045593261718750e+01 -2.105586528778076172e+00
3.100307464599609375e+01 1.242045497894287109e+01 -4.105586528778076172e+00
3.100307464599609375e+01 1.442045497894287109e+01 -2.105586528778076172e+00
