-1.299692440032958984e+01 2.420455217361450195e+00 4.389441299438476562e+01
-1.299692440032958984e+01 2.420455217361450195e+00 4.589441299438476562e+01
-1.299692440032958984e+01 4.420455455780029297e+00 4.589441299438476562e+01
-1.299692440032958984e+01 4.420455455780029297e+00 4.789441299438476562e+01
-1.099692440032958984e+01 4.420455455780029297e+00 4.389441299438476562e+01
-1.099692440032958984e+01 4.420455455780029297e+00 4.589441299438476562e+01
-1.099692440032958984e+01 6.420455455780029297e+00 4.189441299438476562e+01
-1.099692440032958984e+01 6.420455455780029297e+00 4.389441299438476562e+01
-1.099692440032958984e+01 6.420455455780029297e+00 4.589441299438476562e+01
-1.099692440032958984e+01 6.420455455780029297e+00 4.789441299438476562e+01
-1.099692440032958984e+01 6.420455455780029297e+00 4.989441299438476562e+01
-1.099692440032958984e+01 8.420454978942871094e+00 4.189441299438476562e+01
-1.099692440032958984e+01 8.420454978942871094e+00 4.389441299438476562e+01
-1.099692440032958984e+01 8.420454978942871094e+00 4.589441299438476562e+01
-1.099692440032958984e+01 8.420454978942871094e+00 4.789441299438476562e+01
-1.099692440032958984e+01 1.042045497894287109e+01 4.389441299438476562e+01
-1.099692440032958984e+01 1.042045497894287109e+01 4.589441299438476562e+01
-8.996924400329589844e+00 2.420455217361450195e+00 4.589441299438476562e+01
-8.996924400329589844e+00 4.420455455780029297e+00 4.389441299438476562e+01
-8.996924400329589844e+00 4.420455455780029297e+00 4.589441299438476562e+01
-8.996924400329589844e+00 4.420455455780029297e+00 4.789441299438476562e+01
-8.996924400329589844e+00 4.420455455780029297e+00 4.989441299438476562e+01
-8.996924400329589844e+00 6.420455455780029297e+00 4.189441299438476562e+01
-8.996924400329589844e+00 6.420455455780029297e+00 4.389441299438476562e+01
-8.996924400329589844e+00 6.420455455780029297e+00 4.589441299438476562e+01
-8.996924400329589844e+00 6.420455455780029297e+00 4.789441299438476562e+01
-8.996924400329589844e+00 8.420454978942871094e+00 4.189441299438476562e+01
-8.996924400329589844e+00 8.420454978942871094e+00 4.389441299438476562e+01
-8.996924400329589844e+00 8.420454978942871094e+00 4.589441299438476562e+01
-8.996924400329589844e+00 8.420454978942871094e+00 4.789441299438476562e+01
-8.996924400329589844e+00 1.042045497894287109e+01 4.389441299438476562e+01
-8.996924400329589844e+00 1.042045497894287109e+01 4.589441299438476562e+01
-8.996924400329589844e+00 1.042045497894287109e+01 4.789441299438476562e+01
-8.996924400329589844e+00 1.242045497894287109e+01 4.589441299438476562e+01
-6.996924877166748047e+00 4.420455455780029297e+00 4.589441299438476562e+01
-6.996924877166748047e+00 4.420455455780029297e+00 4.789441299438476562e+01
-6.996924877166748047e+00 6.420455455780029297e+00 4.389441299438476562e+01
-6.996924877166748047e+00 6.420455455780029297e+00 4.589441299438476562e+01
-6.996924877166748047e+00 6.420455455780029297e+00 4.789441299438476562e+01
-6.996924877166748047e+00 8.420454978942871094e+00 4.189441299438476562e+01
-6.996924877166748047e+00 8.420454978942871094e+00 4.389441299438476562e+01
-6.996924877166748047e+00 8.420454978942871094e+00 4.589441299438476562e+01
-6.996924877166748047e+00 8.420454978942871094e+00 4.789441299438476562e+01
-6.996924877166748047e+00 1.042045497894287109e+01 4.389441299438476562e+01
-6.996924877166748047e+00 1.042045497894287109e+01 4.589441299438476562e+01
-6.996924877166748047e+00 1.042045497894287109e+01 4.789441299438476562e+01
-6.996924877166748047e+00 1.242045497894287109e+01 4.589441299438476562e+01
-4.996924877166748047e+00 6.420455455780029297e+00 4.389441299438476562e+01
-4.996924877166748047e+00 6.420455455780029297e+00 4.589441299438476562e+01
-4.996924877166748047e+00 8.420454978942871094e+00 4.389441299438476562e+01
-4.996924877166748047e+00 8.420454978942871094e+00 4.589441299438476562e+01
-4.996924877166748047e+00 8.420454978942871094e+00 4.789441299438476562e+01
-4.996924877166748047e+00 1.042045497894287109e+01 4.389441299438476562e+01
-4.996924877166748047e+00 1.042045497894287109e+01 4.589441299438476562e+01
