5.003075122833251953e+00 6.420455455780029297e+00 -6.105586528778076172e+00
5.003075122833251953e+00 8.420454978942871094e+00 -8.105586051940917969e+00
5.003075122833251953e+00 8.420454978942871094e+00 -6.105586528778076172e+00
5.003075122833251953e+00 1.042045497894287109e+01 -6.105586528778076172e+00
7.003075122833251953e+00 4.420455455780029297e+00 -1.210558605194091797e+01
7.003075122833251953e+00 4.420455455780029297e+00 -1.010558605194091797e+01
7.003075122833251953e+00 4.420455455780029297e+00 -6.105586528778076172e+00
7.003075122833251953e+00 6.420455455780029297e+00 -8.105586051940917969e+00
7.003075122833251953e+00 6.420455455780029297e+00 -6.105586528778076172e+00
7.003075122833251953e+00 6.420455455780029297e+00 -4.105586528778076172e+00
7.003075122833251953e+00 8.420454978942871094e+00 -1.010558605194091797e+01
7.003075122833251953e+00 8.420454978942871094e+00 -8.105586051940917969e+00
7.003075122833251953e+00 8.420454978942871094e+00 -6.105586528778076172e+00
7.003075122833251953e+00 8.420454978942871094e+00 -4.105586528778076172e+00
7.003075122833251953e+00 1.042045497894287109e+01 -1.010558605194091797e+01
7.003075122833251953e+00 1.042045497894287109e+01 -8.105586051940917969e+00
7.003075122833251953e+00 1.042045497894287109e+01 -6.105586528778076172e+00
7.003075122833251953e+00 1.242045497894287109e+01 -8.105586051940917969e+00
7.003075122833251953e+00 1.242045497894287109e+01 -6.105586528778076172e+00
9.003075599670410156e+00 2.420455217361450195e+00 -8.105586051940917969e+00
9.003075599670410156e+00 4.420455455780029297e+00 -1.210558605194091797e+01
9.003075599670410156e+00 4.420455455780029297e+00 -1.010558605194091797e+01
9.003075599670410156e+00 4.420455455780029297e+00 -8.105586051940917969e+00
9.003075599670410156e+00 4.420455455780029297e+00 -6.105586528778076172e+00
9.003075599670410156e+00 6.420455455780029297e+00 -1.010558605194091797e+01
9.003075599670410156e+00 6.420455455780029297e+00 -8.105586051940917969e+00
9.003075599670410156e+00 6.420455455780029297e+00 -6.105586528778076172e+00
9.003075599670410156e+00 6.420455455780029297e+00 -4.105586528778076172e+00
9.003075599670410156e+00 8.420454978942871094e+00 -1.010558605194091797e+01
9.003075599670410156e+00 8.420454978942871094e+00 -8.105586051940917969e+00
9.003075599670410156e+00 8.420454978942871094e+00 -6.105586528778076172e+00
9.003075599670410156e+00 8.420454978942871094e+00 -4.105586528778076172e+00
9.003075599670410156e+00 1.042045497894287109e+01 -8.105586051940917969e+00
9.003075599670410156e+00 1.042045497894287109e+01 -6.105586528778076172e+00
9.003075599670410156e+00 1.242045497894287109e+01 -8.105586051940917969e+00
9.003075599670410156e+00 1.242045497894287109e+01 -6.105586528778076172e+00
1.100307559967041016e+01 4.420455455780029297e+00 -8.105586051940917969e+00
1.100307559967041016e+01 4.420455455780029297e+00 -6.105586528778076172e+00
1.100307559967041016e+01 6.420455455780029297e+00 -1.210558605194091797e+01
1.100307559967041016e+01 6.420455455780029297e+00 -1.010558605194091797e+01
1.100307559967041016e+01 6.420455455780029297e+00 -8.105586051940917969e+00
1.100307559967041016e+01 6.420455455780029297e+00 -6.105586528778076172e+00
1.100307559967041016e+01 8.420454978942871094e+00 -1.010558605194091797e+01
1.100307559967041016e+01 8.420454978942871094e+00 -8.105586051940917969e+00
1.100307559967041016e+01 8.420454978942871094e+00 -6.105586528778076172e+00
1.100307559967041016e+01 8.420454978942871094e+00 -4.105586528778076172e+00
1.100307559967041016e+01 1.042045497894287109e+01 -1.010558605194091797e+01
1.100307559967041016e+01 1.042045497894287109e+01 -8.105586051940917969e+00
1.100307559967041016e+01 1.042045497894287109e+01 -6.105586528778076172e+00
1.300307559967041016e+01 2.420455217361450195e+00 -8.105586051940917969e+00
1.300307559967041016e+01 6.420455455780029297e+00 -8.105586051940917969e+00
