1.362645530700683594e+01 -2.941878318786621094e+00 1.893302917480468750e+01
1.362645530700683594e+01 -9.418783187866210938e-01 2.093302917480468750e+01
1.362645530700683594e+01 5.058121681213378906e+00 2.093302917480468750e+01
1.362645530700683594e+01 5.058121681213378906e+00 2.293302917480468750e+01
1.362645530700683594e+01 5.058121681213378906e+00 2.493302917480468750e+01
1.362645530700683594e+01 5.058121681213378906e+00 4.093302917480468750e+01
1.362645530700683594e+01 7.058121681213378906e+00 2.293302917480468750e+01
1.362645530700683594e+01 7.058121681213378906e+00 2.493302917480468750e+01
1.362645530700683594e+01 7.058121681213378906e+00 2.693302917480468750e+01
1.362645530700683594e+01 9.058121681213378906e+00 2.293302917480468750e+01
1.562645530700683594e+01 -4.941878318786621094e+00 2.093302917480468750e+01
1.562645530700683594e+01 -2.941878318786621094e+00 2.093302917480468750e+01
1.562645530700683594e+01 -9.418783187866210938e-01 2.093302917480468750e+01
1.562645530700683594e+01 1.058121681213378906e+00 2.293302917480468750e+01
1.562645530700683594e+01 3.058121681213378906e+00 2.293302917480468750e+01
1.562645530700683594e+01 3.058121681213378906e+00 2.493302917480468750e+01
1.562645530700683594e+01 3.058121681213378906e+00 2.693302917480468750e+01
1.562645530700683594e+01 3.058121681213378906e+00 3.093302917480468750e+01
1.562645530700683594e+01 5.058121681213378906e+00 2.293302917480468750e+01
1.562645530700683594e+01 5.058121681213378906e+00 2.493302917480468750e+01
1.562645530700683594e+01 5.058121681213378906e+00 2.693302917480468750e+01
1.562645530700683594e+01 5.058121681213378906e+00 2.893302917480468750e+01
1.562645530700683594e+01 5.058121681213378906e+00 3.093302917480468750e+01
1.562645530700683594e+01 5.058121681213378906e+00 3.893302917480468750e+01
1.562645530700683594e+01 5.058121681213378906e+00 4.293302917480468750e+01
1.562645530700683594e+01 7.058121681213378906e+00 2.493302917480468750e+01
1.562645530700683594e+01 7.058121681213378906e+00 2.693302917480468750e+01
1.562645530700683594e+01 7.058121681213378906e+00 2.893302917480468750e+01
1.562645530700683594e+01 7.058121681213378906e+00 3.093302917480468750e+01
1.562645530700683594e+01 7.058121681213378906e+00 4.093302917480468750e+01
1.562645530700683594e+01 9.058121681213378906e+00 2.293302917480468750e+01
1.562645530700683594e+01 9.058121681213378906e+00 2.493302917480468750e+01
1.562645530700683594e+01 1.105812168121337891e+01 2.293302917480468750e+01
1.562645530700683594e+01 1.105812168121337891e+01 4.493302917480468750e+01
1.762645530700683594e+01 -2.941878318786621094e+00 2.093302917480468750e+01
1.762645530700683594e+01 -9.418783187866210938e-01 2.093302917480468750e+01
1.762645530700683594e+01 -9.418783187866210938e-01 2.293302917480468750e+01
1.762645530700683594e+01 -9.418783187866210938e-01 3.693302917480468750e+01
1.762645530700683594e+01 1.058121681213378906e+00 2.293302917480468750e+01
1.762645530700683594e+01 1.058121681213378906e+00 2.493302917480468750e+01
1.762645530700683594e+01 3.058121681213378906e+00 2.493302917480468750e+01
1.762645530700683594e+01 3.058121681213378906e+00 2.693302917480468750e+01
1.762645530700683594e+01 3.058121681213378906e+00 2.893302917480468750e+01
1.762645530700683594e+01 3.058121681213378906e+00 3.093302917480468750e+01
1.762645530700683594e+01 3.058121681213378906e+00 3.293302917480468750e+01
1.762645530700683594e+01 3.058121681213378906e+00 3.693302917480468750e+01
1.762645530700683594e+01 3.058121681213378906e+00 3.893302917480468750e+01
1.762645530700683594e+01 5.058121681213378906e+00 2.493302917480468750e+01
1.762645530700683594e+01 5.058121681213378906e+00 2.893302917480468750e+01
1.762645530700683594e+01 5.058121681213378906e+00 3.093302917480468750e+01
1.762645530700683594e+01 5.058121681213378906e+00 3.293302917480468750e+01
1.762645530700683594e+01 5.058121681213378906e+00 3.493302917480468750e+01
1.762645530700683594e+01 5.058121681213378906e+00 3.693302917480468750e+01
1.762645530700683594e+01 5.058121681213378906e+00 3.893302917480468750e+01
1.762645530700683594e+01 5.058121681213378906e+00 4.093302917480468750e+01
1.762645530700683594e+01 7.058121681213378906e+00 2.293302917480468750e+01
1.762645530700683594e+01 7.058121681213378906e+00 2.493302917480468750e+01
1.762645530700683594e+01 7.058121681213378906e+00 2.693302917480468750e+01
1.762645530700683594e+01 7.058121681213378906e+00 2.893302917480468750e+01
1.762645530700683594e+01 7.058121681213378906e+00 3.093302917480468750e+01
1.762645530700683594e+01 7.058121681213378906e+00 3.293302917480468750e+01
1.762645530700683594e+01 7.058121681213378906e+00 3.493302917480468750e+01
1.762645530700683594e+01 7.058121681213378906e+00 3.893302917480468750e+01
1.762645530700683594e+01 7.058121681213378906e+00 4.093302917480468750e+01
1.762645530700683594e+01 7.058121681213378906e+00 4.293302917480468750e+01
1.762645530700683594e+01 9.058121681213378906e+00 2.293302917480468750e+01
1.762645530700683594e+01 9.058121681213378906e+00 2.493302917480468750e+01
1.762645530700683594e+01 9.058121681213378906e+00 2.693302917480468750e+01
1.762645530700683594e+01 9.058121681213378906e+00 2.893302917480468750e+01
1.762645530700683594e+01 9.058121681213378906e+00 3.093302917480468750e+01
1.762645530700683594e+01 9.058121681213378906e+00 3.893302917480468750e+01
1.762645530700683594e+01 9.058121681213378906e+00 4.093302917480468750e+01
1.762645530700683594e+01 1.105812168121337891e+01 2.293302917480468750e+01
1.762645530700683594e+01 1.105812168121337891e+01 2.493302917480468750e+01
1.762645530700683594e+01 1.105812168121337891e+01 4.293302917480468750e+01
1.962645530700683594e+01 -9.418783187866210938e-01 2.093302917480468750e+01
1.962645530700683594e+01 -9.418783187866210938e-01 2.293302917480468750e+01
1.962645530700683594e+01 1.058121681213378906e+00 2.293302917480468750e+01
1.962645530700683594e+01 1.058121681213378906e+00 2.493302917480468750e+01
1.962645530700683594e+01 1.058121681213378906e+00 2.693302917480468750e+01
1.962645530700683594e+01 1.058121681213378906e+00 2.893302917480468750e+01
1.962645530700683594e+01 1.058121681213378906e+00 3.293302917480468750e+01
1.962645530700683594e+01 1.058121681213378906e+00 3.493302917480468750e+01
1.962645530700683594e+01 1.058121681213378906e+00 3.693302917480468750e+01
1.962645530700683594e+01 1.058121681213378906e+00 3.893302917480468750e+01
1.962645530700683594e+01 3.058121681213378906e+00 2.493302917480468750e+01
1.962645530700683594e+01 3.058121681213378906e+00 2.893302917480468750e+01
1.962645530700683594e+01 3.058121681213378906e+00 3.093302917480468750e+01
1.962645530700683594e+01 3.058121681213378906e+00 3.293302917480468750e+01
1.962645530700683594e+01 3.058121681213378906e+00 3.493302917480468750e+01
1.962645530700683594e+01 3.058121681213378906e+00 3.693302917480468750e+01
1.962645530700683594e+01 3.058121681213378906e+00 3.893302917480468750e+01
1.962645530700683594e+01 3.058121681213378906e+00 4.093302917480468750e+01
1.962645530700683594e+01 5.058121681213378906e+00 3.093302917480468750e+01
1.962645530700683594e+01 5.058121681213378906e+00 3.293302917480468750e+01
1.962645530700683594e+01 5.058121681213378906e+00 3.493302917480468750e+01
1.962645530700683594e+01 5.058121681213378906e+00 3.693302917480468750e+01
1.962645530700683594e+01 5.058121681213378906e+00 3.893302917480468750e+01
1.962645530700683594e+01 7.058121681213378906e+00 2.293302917480468750e+01
1.962645530700683594e+01 7.058121681213378906e+00 2.493302917480468750e+01
1.962645530700683594e+01 7.058121681213378906e+00 2.893302917480468750e+01
1.962645530700683594e+01 7.058121681213378906e+00 3.093302917480468750e+01
1.962645530700683594e+01 7.058121681213378906e+00 3.293302917480468750e+01
1.962645530700683594e+01 7.058121681213378906e+00 3.493302917480468750e+01
1.962645530700683594e+01 7.058121681213378906e+00 3.693302917480468750e+01
1.962645530700683594e+01 7.058121681213378906e+00 3.893302917480468750e+01
1.962645530700683594e+01 7.058121681213378906e+00 4.093302917480468750e+01
1.962645530700683594e+01 9.058121681213378906e+00 2.093302917480468750e+01
1.962645530700683594e+01 9.058121681213378906e+00 2.293302917480468750e+01
1.962645530700683594e+01 9.058121681213378906e+00 2.493302917480468750e+01
1.962645530700683594e+01 9.058121681213378906e+00 2.693302917480468750e+01
1.962645530700683594e+01 9.058121681213378906e+00 2.893302917480468750e+01
1.962645530700683594e+01 9.058121681213378906e+00 3.093302917480468750e+01
1.962645530700683594e+01 9.058121681213378906e+00 3.293302917480468750e+01
1.962645530700683594e+01 9.058121681213378906e+00 3.693302917480468750e+01
1.962645530700683594e+01 9.058121681213378906e+00 3.893302917480468750e+01
1.962645530700683594e+01 9.058121681213378906e+00 4.093302917480468750e+01
1.962645530700683594e+01 1.105812168121337891e+01 2.293302917480468750e+01
1.962645530700683594e+01 1.105812168121337891e+01 2.693302917480468750e+01
1.962645530700683594e+01 1.105812168121337891e+01 2.893302917480468750e+01
1.962645530700683594e+01 1.105812168121337891e+01 3.093302917480468750e+01
1.962645530700683594e+01 1.105812168121337891e+01 4.093302917480468750e+01
1.962645530700683594e+01 1.105812168121337891e+01 4.293302917480468750e+01
1.962645530700683594e+01 1.305812168121337891e+01 4.493302917480468750e+01
1.962645530700683594e+01 1.305812168121337891e+01 4.693302917480468750e+01
2.162645530700683594e+01 -9.418783187866210938e-01 3.293302917480468750e+01
2.162645530700683594e+01 -9.418783187866210938e-01 3.893302917480468750e+01
2.162645530700683594e+01 -9.418783187866210938e-01 4.093302917480468750e+01
2.162645530700683594e+01 1.058121681213378906e+00 2.293302917480468750e+01
2.162645530700683594e+01 1.058121681213378906e+00 2.493302917480468750e+01
2.162645530700683594e+01 1.058121681213378906e+00 2.693302917480468750e+01
2.162645530700683594e+01 1.058121681213378906e+00 3.093302917480468750e+01
2.162645530700683594e+01 1.058121681213378906e+00 3.293302917480468750e+01
2.162645530700683594e+01 1.058121681213378906e+00 3.493302917480468750e+01
2.162645530700683594e+01 1.058121681213378906e+00 3.693302917480468750e+01
2.162645530700683594e+01 1.058121681213378906e+00 3.893302917480468750e+01
2.162645530700683594e+01 1.058121681213378906e+00 4.093302917480468750e+01
2.162645530700683594e+01 1.058121681213378906e+00 4.293302917480468750e+01
2.162645530700683594e+01 3.058121681213378906e+00 2.493302917480468750e+01
2.162645530700683594e+01 3.058121681213378906e+00 2.693302917480468750e+01
2.162645530700683594e+01 3.058121681213378906e+00 2.893302917480468750e+01
2.162645530700683594e+01 3.058121681213378906e+00 3.093302917480468750e+01
2.162645530700683594e+01 3.058121681213378906e+00 3.293302917480468750e+01
2.162645530700683594e+01 3.058121681213378906e+00 3.493302917480468750e+01
2.162645530700683594e+01 3.058121681213378906e+00 3.693302917480468750e+01
2.162645530700683594e+01 3.058121681213378906e+00 3.893302917480468750e+01
2.162645530700683594e+01 3.058121681213378906e+00 4.093302917480468750e+01
2.162645530700683594e+01 3.058121681213378906e+00 4.293302917480468750e+01
2.162645530700683594e+01 5.058121681213378906e+00 2.293302917480468750e+01
2.162645530700683594e+01 5.058121681213378906e+00 2.493302917480468750e+01
2.162645530700683594e+01 5.058121681213378906e+00 2.893302917480468750e+01
2.162645530700683594e+01 5.058121681213378906e+00 3.093302917480468750e+01
2.162645530700683594e+01 5.058121681213378906e+00 3.293302917480468750e+01
2.162645530700683594e+01 5.058121681213378906e+00 3.493302917480468750e+01
2.162645530700683594e+01 5.058121681213378906e+00 3.693302917480468750e+01
2.162645530700683594e+01 5.058121681213378906e+00 3.893302917480468750e+01
2.162645530700683594e+01 5.058121681213378906e+00 4.093302917480468750e+01
2.162645530700683594e+01 7.058121681213378906e+00 2.093302917480468750e+01
2.162645530700683594e+01 7.058121681213378906e+00 2.293302917480468750e+01
2.162645530700683594e+01 7.058121681213378906e+00 2.493302917480468750e+01
2.162645530700683594e+01 7.058121681213378906e+00 2.693302917480468750e+01
2.162645530700683594e+01 7.058121681213378906e+00 2.893302917480468750e+01
2.162645530700683594e+01 7.058121681213378906e+00 3.093302917480468750e+01
2.162645530700683594e+01 7.058121681213378906e+00 3.293302917480468750e+01
2.162645530700683594e+01 7.058121681213378906e+00 3.493302917480468750e+01
2.162645530700683594e+01 7.058121681213378906e+00 3.693302917480468750e+01
2.162645530700683594e+01 7.058121681213378906e+00 3.893302917480468750e+01
2.162645530700683594e+01 7.058121681213378906e+00 4.093302917480468750e+01
2.162645530700683594e+01 7.058121681213378906e+00 4.293302917480468750e+01
2.162645530700683594e+01 7.058121681213378906e+00 4.693302917480468750e+01
2.162645530700683594e+01 9.058121681213378906e+00 2.093302917480468750e+01
2.162645530700683594e+01 9.058121681213378906e+00 2.293302917480468750e+01
2.162645530700683594e+01 9.058121681213378906e+00 2.493302917480468750e+01
2.162645530700683594e+01 9.058121681213378906e+00 2.693302917480468750e+01
2.162645530700683594e+01 9.058121681213378906e+00 2.893302917480468750e+01
2.162645530700683594e+01 9.058121681213378906e+00 3.093302917480468750e+01
2.162645530700683594e+01 9.058121681213378906e+00 3.293302917480468750e+01
2.162645530700683594e+01 9.058121681213378906e+00 3.493302917480468750e+01
2.162645530700683594e+01 9.058121681213378906e+00 3.693302917480468750e+01
2.162645530700683594e+01 9.058121681213378906e+00 3.893302917480468750e+01
2.162645530700683594e+01 9.058121681213378906e+00 4.093302917480468750e+01
2.162645530700683594e+01 9.058121681213378906e+00 4.293302917480468750e+01
2.162645530700683594e+01 1.105812168121337891e+01 2.093302917480468750e+01
2.162645530700683594e+01 1.105812168121337891e+01 2.893302917480468750e+01
2.162645530700683594e+01 1.105812168121337891e+01 3.093302917480468750e+01
2.162645530700683594e+01 1.105812168121337891e+01 3.293302917480468750e+01
2.162645530700683594e+01 1.105812168121337891e+01 4.093302917480468750e+01
2.162645530700683594e+01 1.105812168121337891e+01 4.293302917480468750e+01
2.162645530700683594e+01 1.105812168121337891e+01 4.493302917480468750e+01
2.162645530700683594e+01 1.105812168121337891e+01 4.693302917480468750e+01
2.162645530700683594e+01 1.305812168121337891e+01 4.293302917480468750e+01
2.162645530700683594e+01 1.305812168121337891e+01 4.493302917480468750e+01
2.162645530700683594e+01 1.505812168121337891e+01 4.493302917480468750e+01
2.362645530700683594e+01 -2.941878318786621094e+00 3.893302917480468750e+01
2.362645530700683594e+01 -9.418783187866210938e-01 3.493302917480468750e+01
2.362645530700683594e+01 -9.418783187866210938e-01 3.693302917480468750e+01
2.362645530700683594e+01 -9.418783187866210938e-01 3.893302917480468750e+01
2.362645530700683594e+01 1.058121681213378906e+00 2.293302917480468750e+01
2.362645530700683594e+01 1.058121681213378906e+00 2.493302917480468750e+01
2.362645530700683594e+01 1.058121681213378906e+00 3.293302917480468750e+01
2.362645530700683594e+01 1.058121681213378906e+00 3.493302917480468750e+01
2.362645530700683594e+01 1.058121681213378906e+00 3.693302917480468750e+01
2.362645530700683594e+01 1.058121681213378906e+00 3.893302917480468750e+01
2.362645530700683594e+01 3.058121681213378906e+00 2.293302917480468750e+01
2.362645530700683594e+01 3.058121681213378906e+00 2.493302917480468750e+01
2.362645530700683594e+01 3.058121681213378906e+00 2.693302917480468750e+01
2.362645530700683594e+01 3.058121681213378906e+00 3.093302917480468750e+01
2.362645530700683594e+01 3.058121681213378906e+00 3.293302917480468750e+01
2.362645530700683594e+01 3.058121681213378906e+00 3.493302917480468750e+01
2.362645530700683594e+01 3.058121681213378906e+00 3.693302917480468750e+01
2.362645530700683594e+01 3.058121681213378906e+00 3.893302917480468750e+01
2.362645530700683594e+01 3.058121681213378906e+00 4.093302917480468750e+01
2.362645530700683594e+01 5.058121681213378906e+00 2.293302917480468750e+01
2.362645530700683594e+01 5.058121681213378906e+00 2.493302917480468750e+01
2.362645530700683594e+01 5.058121681213378906e+00 2.693302917480468750e+01
2.362645530700683594e+01 5.058121681213378906e+00 2.893302917480468750e+01
2.362645530700683594e+01 5.058121681213378906e+00 3.093302917480468750e+01
2.362645530700683594e+01 5.058121681213378906e+00 3.293302917480468750e+01
2.362645530700683594e+01 5.058121681213378906e+00 3.493302917480468750e+01
2.362645530700683594e+01 5.058121681213378906e+00 3.693302917480468750e+01
2.362645530700683594e+01 5.058121681213378906e+00 3.893302917480468750e+01
2.362645530700683594e+01 5.058121681213378906e+00 4.093302917480468750e+01
2.362645530700683594e+01 5.058121681213378906e+00 4.293302917480468750e+01
2.362645530700683594e+01 7.058121681213378906e+00 2.293302917480468750e+01
2.362645530700683594e+01 7.058121681213378906e+00 2.493302917480468750e+01
2.362645530700683594e+01 7.058121681213378906e+00 2.693302917480468750e+01
2.362645530700683594e+01 7.058121681213378906e+00 2.893302917480468750e+01
2.362645530700683594e+01 7.058121681213378906e+00 3.093302917480468750e+01
2.362645530700683594e+01 7.058121681213378906e+00 3.293302917480468750e+01
2.362645530700683594e+01 7.058121681213378906e+00 3.493302917480468750e+01
2.362645530700683594e+01 7.058121681213378906e+00 3.693302917480468750e+01
2.362645530700683594e+01 7.058121681213378906e+00 3.893302917480468750e+01
2.362645530700683594e+01 7.058121681213378906e+00 4.093302917480468750e+01
2.362645530700683594e+01 7.058121681213378906e+00 4.293302917480468750e+01
2.362645530700683594e+01 7.058121681213378906e+00 4.493302917480468750e+01
2.362645530700683594e+01 7.058121681213378906e+00 4.693302917480468750e+01
2.362645530700683594e+01 9.058121681213378906e+00 2.093302917480468750e+01
2.362645530700683594e+01 9.058121681213378906e+00 2.493302917480468750e+01
2.362645530700683594e+01 9.058121681213378906e+00 3.093302917480468750e+01
2.362645530700683594e+01 9.058121681213378906e+00 3.493302917480468750e+01
2.362645530700683594e+01 9.058121681213378906e+00 3.693302917480468750e+01
2.362645530700683594e+01 9.058121681213378906e+00 3.893302917480468750e+01
2.362645530700683594e+01 9.058121681213378906e+00 4.093302917480468750e+01
2.362645530700683594e+01 9.058121681213378906e+00 4.293302917480468750e+01
2.362645530700683594e+01 9.058121681213378906e+00 4.493302917480468750e+01
2.362645530700683594e+01 1.105812168121337891e+01 3.093302917480468750e+01
2.362645530700683594e+01 1.105812168121337891e+01 3.493302917480468750e+01
2.362645530700683594e+01 1.105812168121337891e+01 3.693302917480468750e+01
2.362645530700683594e+01 1.105812168121337891e+01 3.893302917480468750e+01
2.362645530700683594e+01 1.105812168121337891e+01 4.093302917480468750e+01
2.362645530700683594e+01 1.105812168121337891e+01 4.293302917480468750e+01
2.362645530700683594e+01 1.105812168121337891e+01 4.493302917480468750e+01
2.362645530700683594e+01 1.105812168121337891e+01 4.693302917480468750e+01
2.362645530700683594e+01 1.305812168121337891e+01 4.293302917480468750e+01
2.362645530700683594e+01 1.305812168121337891e+01 4.493302917480468750e+01
2.362645530700683594e+01 1.305812168121337891e+01 4.693302917480468750e+01
2.362645530700683594e+01 1.505812168121337891e+01 4.493302917480468750e+01
2.562645530700683594e+01 -9.418783187866210938e-01 2.293302917480468750e+01
2.562645530700683594e+01 -9.418783187866210938e-01 2.493302917480468750e+01
2.562645530700683594e+01 -9.418783187866210938e-01 3.493302917480468750e+01
2.562645530700683594e+01 1.058121681213378906e+00 2.293302917480468750e+01
2.562645530700683594e+01 1.058121681213378906e+00 2.493302917480468750e+01
2.562645530700683594e+01 1.058121681213378906e+00 2.693302917480468750e+01
2.562645530700683594e+01 3.058121681213378906e+00 2.293302917480468750e+01
2.562645530700683594e+01 3.058121681213378906e+00 2.493302917480468750e+01
2.562645530700683594e+01 5.058121681213378906e+00 2.293302917480468750e+01
2.562645530700683594e+01 5.058121681213378906e+00 2.493302917480468750e+01
2.562645530700683594e+01 5.058121681213378906e+00 2.693302917480468750e+01
2.562645530700683594e+01 5.058121681213378906e+00 3.693302917480468750e+01
2.562645530700683594e+01 5.058121681213378906e+00 3.893302917480468750e+01
2.562645530700683594e+01 5.058121681213378906e+00 4.093302917480468750e+01
2.562645530700683594e+01 7.058121681213378906e+00 2.493302917480468750e+01
2.562645530700683594e+01 7.058121681213378906e+00 3.493302917480468750e+01
2.562645530700683594e+01 7.058121681213378906e+00 3.693302917480468750e+01
2.562645530700683594e+01 7.058121681213378906e+00 3.893302917480468750e+01
2.562645530700683594e+01 7.058121681213378906e+00 4.093302917480468750e+01
2.562645530700683594e+01 7.058121681213378906e+00 4.293302917480468750e+01
2.562645530700683594e+01 7.058121681213378906e+00 4.493302917480468750e+01
2.562645530700683594e+01 9.058121681213378906e+00 2.093302917480468750e+01
2.562645530700683594e+01 9.058121681213378906e+00 3.693302917480468750e+01
2.562645530700683594e+01 9.058121681213378906e+00 3.893302917480468750e+01
2.562645530700683594e+01 9.058121681213378906e+00 4.093302917480468750e+01
2.562645530700683594e+01 9.058121681213378906e+00 4.293302917480468750e+01
2.562645530700683594e+01 1.105812168121337891e+01 3.493302917480468750e+01
2.562645530700683594e+01 1.105812168121337891e+01 3.693302917480468750e+01
2.562645530700683594e+01 1.105812168121337891e+01 3.893302917480468750e+01
2.562645530700683594e+01 1.105812168121337891e+01 4.093302917480468750e+01
2.562645530700683594e+01 1.105812168121337891e+01 4.293302917480468750e+01
2.562645530700683594e+01 1.305812168121337891e+01 3.493302917480468750e+01
2.562645530700683594e+01 1.305812168121337891e+01 3.693302917480468750e+01
2.562645530700683594e+01 1.305812168121337891e+01 4.093302917480468750e+01
2.562645530700683594e+01 1.305812168121337891e+01 4.293302917480468750e+01
2.562645530700683594e+01 1.505812168121337891e+01 4.293302917480468750e+01
2.762645530700683594e+01 -9.418783187866210938e-01 2.493302917480468750e+01
2.762645530700683594e+01 -9.418783187866210938e-01 2.693302917480468750e+01
2.762645530700683594e+01 1.058121681213378906e+00 2.293302917480468750e+01
2.762645530700683594e+01 1.058121681213378906e+00 2.493302917480468750e+01
2.762645530700683594e+01 1.058121681213378906e+00 2.693302917480468750e+01
2.762645530700683594e+01 1.058121681213378906e+00 2.893302917480468750e+01
2.762645530700683594e+01 3.058121681213378906e+00 2.093302917480468750e+01
2.762645530700683594e+01 3.058121681213378906e+00 2.293302917480468750e+01
2.762645530700683594e+01 3.058121681213378906e+00 2.493302917480468750e+01
2.762645530700683594e+01 3.058121681213378906e+00 2.693302917480468750e+01
2.762645530700683594e+01 5.058121681213378906e+00 2.493302917480468750e+01
2.762645530700683594e+01 7.058121681213378906e+00 3.693302917480468750e+01
2.762645530700683594e+01 7.058121681213378906e+00 3.893302917480468750e+01
2.762645530700683594e+01 7.058121681213378906e+00 4.093302917480468750e+01
2.762645530700683594e+01 9.058121681213378906e+00 3.493302917480468750e+01
2.762645530700683594e+01 9.058121681213378906e+00 3.693302917480468750e+01
2.762645530700683594e+01 9.058121681213378906e+00 3.893302917480468750e+01
2.762645530700683594e+01 9.058121681213378906e+00 4.093302917480468750e+01
2.762645530700683594e+01 1.105812168121337891e+01 3.493302917480468750e+01
2.762645530700683594e+01 1.105812168121337891e+01 3.693302917480468750e+01
2.762645530700683594e+01 1.105812168121337891e+01 3.893302917480468750e+01
2.762645530700683594e+01 1.105812168121337891e+01 4.093302917480468750e+01
2.762645530700683594e+01 1.305812168121337891e+01 3.493302917480468750e+01
2.762645530700683594e+01 1.305812168121337891e+01 3.693302917480468750e+01
2.762645530700683594e+01 1.305812168121337891e+01 3.893302917480468750e+01
2.762645530700683594e+01 1.305812168121337891e+01 4.093302917480468750e+01
2.762645530700683594e+01 1.505812168121337891e+01 3.693302917480468750e+01
2.962645530700683594e+01 -2.941878318786621094e+00 2.093302917480468750e+01
2.962645530700683594e+01 -2.941878318786621094e+00 2.493302917480468750e+01
2.962645530700683594e+01 -2.941878318786621094e+00 2.693302917480468750e+01
2.962645530700683594e+01 -9.418783187866210938e-01 2.293302917480468750e+01
2.962645530700683594e+01 -9.418783187866210938e-01 2.493302917480468750e+01
2.962645530700683594e+01 -9.418783187866210938e-01 2.693302917480468750e+01
2.962645530700683594e+01 -9.418783187866210938e-01 2.893302917480468750e+01
2.962645530700683594e+01 1.058121681213378906e+00 2.293302917480468750e+01
2.962645530700683594e+01 1.058121681213378906e+00 2.493302917480468750e+01
2.962645530700683594e+01 1.058121681213378906e+00 2.693302917480468750e+01
2.962645530700683594e+01 1.058121681213378906e+00 2.893302917480468750e+01
2.962645530700683594e+01 3.058121681213378906e+00 2.493302917480468750e+01
2.962645530700683594e+01 3.058121681213378906e+00 2.693302917480468750e+01
2.962645530700683594e+01 3.058121681213378906e+00 2.893302917480468750e+01
2.962645530700683594e+01 7.058121681213378906e+00 3.693302917480468750e+01
2.962645530700683594e+01 7.058121681213378906e+00 3.893302917480468750e+01
2.962645530700683594e+01 7.058121681213378906e+00 4.093302917480468750e+01
2.962645530700683594e+01 9.058121681213378906e+00 3.693302917480468750e+01
2.962645530700683594e+01 9.058121681213378906e+00 3.893302917480468750e+01
2.962645530700683594e+01 9.058121681213378906e+00 4.093302917480468750e+01
2.962645530700683594e+01 1.105812168121337891e+01 3.493302917480468750e+01
2.962645530700683594e+01 1.105812168121337891e+01 3.693302917480468750e+01
2.962645530700683594e+01 1.105812168121337891e+01 3.893302917480468750e+01
2.962645530700683594e+01 1.105812168121337891e+01 4.093302917480468750e+01
2.962645530700683594e+01 1.305812168121337891e+01 3.493302917480468750e+01
2.962645530700683594e+01 1.305812168121337891e+01 3.693302917480468750e+01
2.962645530700683594e+01 1.305812168121337891e+01 3.893302917480468750e+01
2.962645530700683594e+01 1.305812168121337891e+01 4.093302917480468750e+01
2.962645530700683594e+01 1.505812168121337891e+01 3.693302917480468750e+01
2.962645530700683594e+01 1.505812168121337891e+01 3.893302917480468750e+01
3.162645530700683594e+01 -2.941878318786621094e+00 2.493302917480468750e+01
3.162645530700683594e+01 -2.941878318786621094e+00 2.693302917480468750e+01
3.162645530700683594e+01 -9.418783187866210938e-01 2.293302917480468750e+01
3.162645530700683594e+01 -9.418783187866210938e-01 2.493302917480468750e+01
3.162645530700683594e+01 -9.418783187866210938e-01 2.693302917480468750e+01
3.162645530700683594e+01 -9.418783187866210938e-01 2.893302917480468750e+01
3.162645530700683594e+01 1.058121681213378906e+00 2.293302917480468750e+01
3.162645530700683594e+01 1.058121681213378906e+00 2.493302917480468750e+01
3.162645530700683594e+01 1.058121681213378906e+00 2.693302917480468750e+01
3.162645530700683594e+01 1.058121681213378906e+00 2.893302917480468750e+01
3.162645530700683594e+01 3.058121681213378906e+00 2.493302917480468750e+01
3.162645530700683594e+01 3.058121681213378906e+00 2.693302917480468750e+01
3.162645530700683594e+01 3.058121681213378906e+00 2.893302917480468750e+01
3.162645530700683594e+01 9.058121681213378906e+00 3.893302917480468750e+01
3.162645530700683594e+01 1.105812168121337891e+01 3.693302917480468750e+01
3.162645530700683594e+01 1.105812168121337891e+01 3.893302917480468750e+01
3.162645530700683594e+01 1.305812168121337891e+01 3.693302917480468750e+01
3.362645339965820312e+01 -2.941878318786621094e+00 2.493302917480468750e+01
3.362645339965820312e+01 -2.941878318786621094e+00 2.693302917480468750e+01
3.362645339965820312e+01 -9.418783187866210938e-01 2.293302917480468750e+01
3.362645339965820312e+01 -9.418783187866210938e-01 2.493302917480468750e+01
3.362645339965820312e+01 -9.418783187866210938e-01 2.693302917480468750e+01
3.362645339965820312e+01 -9.418783187866210938e-01 2.893302917480468750e+01
3.362645339965820312e+01 1.058121681213378906e+00 2.293302917480468750e+01
3.362645339965820312e+01 1.058121681213378906e+00 2.493302917480468750e+01
3.362645339965820312e+01 1.058121681213378906e+00 2.693302917480468750e+01
3.362645339965820312e+01 1.058121681213378906e+00 2.893302917480468750e+01
3.362645339965820312e+01 3.058121681213378906e+00 2.293302917480468750e+01
3.362645339965820312e+01 3.058121681213378906e+00 2.493302917480468750e+01
3.362645339965820312e+01 3.058121681213378906e+00 2.693302917480468750e+01
3.362645339965820312e+01 3.058121681213378906e+00 2.893302917480468750e+01
3.362645339965820312e+01 5.058121681213378906e+00 2.493302917480468750e+01
3.362645339965820312e+01 5.058121681213378906e+00 2.693302917480468750e+01
3.562645339965820312e+01 -2.941878318786621094e+00 2.293302917480468750e+01
3.562645339965820312e+01 -9.418783187866210938e-01 2.293302917480468750e+01
3.562645339965820312e+01 -9.418783187866210938e-01 2.493302917480468750e+01
3.562645339965820312e+01 -9.418783187866210938e-01 2.693302917480468750e+01
3.562645339965820312e+01 1.058121681213378906e+00 2.093302917480468750e+01
3.562645339965820312e+01 1.058121681213378906e+00 2.293302917480468750e+01
3.562645339965820312e+01 1.058121681213378906e+00 2.493302917480468750e+01
3.562645339965820312e+01 1.058121681213378906e+00 2.693302917480468750e+01
3.562645339965820312e+01 1.058121681213378906e+00 2.893302917480468750e+01
3.562645339965820312e+01 3.058121681213378906e+00 2.293302917480468750e+01
3.562645339965820312e+01 3.058121681213378906e+00 2.493302917480468750e+01
3.562645339965820312e+01 3.058121681213378906e+00 2.693302917480468750e+01
3.562645339965820312e+01 5.058121681213378906e+00 2.293302917480468750e+01
3.562645339965820312e+01 5.058121681213378906e+00 2.493302917480468750e+01
3.562645339965820312e+01 5.058121681213378906e+00 2.693302917480468750e+01
3.562645339965820312e+01 7.058121681213378906e+00 2.493302917480468750e+01
3.562645339965820312e+01 7.058121681213378906e+00 2.693302917480468750e+01
3.562645339965820312e+01 9.058121681213378906e+00 2.493302917480468750e+01
3.562645339965820312e+01 9.058121681213378906e+00 2.693302917480468750e+01
3.562645339965820312e+01 1.105812168121337891e+01 2.493302917480468750e+01
3.562645339965820312e+01 1.105812168121337891e+01 2.693302917480468750e+01
3.562645339965820312e+01 1.305812168121337891e+01 2.893302917480468750e+01
3.762645339965820312e+01 -9.418783187866210938e-01 2.293302917480468750e+01
3.762645339965820312e+01 1.058121681213378906e+00 2.093302917480468750e+01
3.762645339965820312e+01 1.058121681213378906e+00 2.293302917480468750e+01
3.762645339965820312e+01 1.058121681213378906e+00 2.493302917480468750e+01
3.762645339965820312e+01 1.058121681213378906e+00 2.693302917480468750e+01
3.762645339965820312e+01 3.058121681213378906e+00 2.293302917480468750e+01
3.762645339965820312e+01 3.058121681213378906e+00 2.493302917480468750e+01
3.762645339965820312e+01 3.058121681213378906e+00 2.693302917480468750e+01
3.762645339965820312e+01 5.058121681213378906e+00 2.093302917480468750e+01
3.762645339965820312e+01 5.058121681213378906e+00 2.293302917480468750e+01
3.762645339965820312e+01 5.058121681213378906e+00 2.493302917480468750e+01
3.762645339965820312e+01 5.058121681213378906e+00 2.693302917480468750e+01
3.762645339965820312e+01 7.058121681213378906e+00 2.093302917480468750e+01
3.762645339965820312e+01 7.058121681213378906e+00 2.293302917480468750e+01
3.762645339965820312e+01 7.058121681213378906e+00 2.493302917480468750e+01
3.762645339965820312e+01 7.058121681213378906e+00 2.693302917480468750e+01
3.762645339965820312e+01 7.058121681213378906e+00 2.893302917480468750e+01
3.762645339965820312e+01 9.058121681213378906e+00 2.293302917480468750e+01
3.762645339965820312e+01 9.058121681213378906e+00 2.693302917480468750e+01
3.762645339965820312e+01 9.058121681213378906e+00 2.893302917480468750e+01
3.762645339965820312e+01 1.305812168121337891e+01 2.493302917480468750e+01
3.962645339965820312e+01 -9.418783187866210938e-01 2.493302917480468750e+01
3.962645339965820312e+01 1.058121681213378906e+00 2.293302917480468750e+01
3.962645339965820312e+01 1.058121681213378906e+00 2.493302917480468750e+01
3.962645339965820312e+01 3.058121681213378906e+00 2.493302917480468750e+01
3.962645339965820312e+01 3.058121681213378906e+00 2.693302917480468750e+01
3.962645339965820312e+01 5.058121681213378906e+00 2.693302917480468750e+01
3.962645339965820312e+01 5.058121681213378906e+00 2.893302917480468750e+01
3.962645339965820312e+01 7.058121681213378906e+00 2.693302917480468750e+01
3.962645339965820312e+01 7.058121681213378906e+00 2.893302917480468750e+01
4.162645339965820312e+01 -9.418783187866210938e-01 2.293302917480468750e+01
4.162645339965820312e+01 1.058121681213378906e+00 2.293302917480468750e+01
4.162645339965820312e+01 1.058121681213378906e+00 2.493302917480468750e+01
4.162645339965820312e+01 3.058121681213378906e+00 2.693302917480468750e+01
4.162645339965820312e+01 5.058121681213378906e+00 2.893302917480468750e+01
4.162645339965820312e+01 7.058121681213378906e+00 2.893302917480468750e+01
4.362645339965820312e+01 -9.418783187866210938e-01 2.493302917480468750e+01
