0.0518
0.0732
0.1353
0.0000
0.0424
0.0660
0.0000
0.0957
0.1089
0.0802
0.1296
0.0000
0.0538
0.0000
0.0000
0.0602
0.0000
0.0000
0.0000
0.0757
0.0000
0.2003
0.0186
0.0539
0.1327
0.0446
0.0000
0.0736
0.0579
0.0000
0.0000
0.0000
0.1227
0.1132
0.0000
0.0954
0.0959
0.0000
0.1254
0.1222
0.0000
0.1288
0.1440
0.1307
0.0706
0.0000
0.1239
0.1406
0.0000
0.1676
0.0000
0.0000
0.0000
0.0493
0.1218
0.0000
0.0000
0.0000
0.1792
0.0000
0.0000
0.2022
0.1959
0.1889
0.1606
0.1820
0.2799
0.1699
0.0000
0.0000
0.1486
0.2294
0.0000
0.2401
0.1387
0.0000
0.1226
0.1468
0.1657
0.1552
0.1807
0.2863
0.0000
0.0000
0.1054
0.0000
0.1735
0.1543
0.5017
0.0000
0.0000
0.1852
0.1123
0.1473
0.0000
0.0000
0.0000
0.0000
0.1443
0.0000
0.0000
0.2283
0.0000
0.2555
0.1514
0.0000
0.1595
0.0000
0.1467
0.0000
0.0000
0.0000
0.1521
0.3562
0.1752
0.1943
0.0000
0.0000
0.3054
0.1928
0.0000
0.0000
0.2084
0.0000
0.1913
0.0000
0.1265
0.2954
0.1874
0.2902
0.2363
0.0000
0.0000
0.2095
0.0000
0.2378
0.0000
0.1958
0.0000
0.2702
0.1887
0.0000
0.0000
0.2004
0.1558
0.0000
0.0000
0.0000
0.0000
0.0000
0.1507
0.1970
0.2584
0.2375
0.0000
0.0000
0.0000
0.0000
0.1246
0.3029
0.0000
0.2002
0.1792
0.0000
0.2614
0.1888
0.0000
0.0000
0.1813
0.3060
0.0000
0.2425
0.2415
0.3157
0.2607
0.2511
0.2039
0.2382
0.2036
0.0000
0.2624
0.1853
0.1917
0.0000
0.2073
0.0000
0.3066
0.2814
0.3890
0.2182
0.3212
0.3447
0.2342
0.1976
0.4308
0.2565
0.2595
0.1166
0.2455
0.2825
0.0000
0.2072
0.2897
0.2387
0.0000
0.0000
0.3138
0.0000
0.1446
0.0000
0.2640
0.4796
0.0000
0.0000
0.3148
0.2828
0.0000
0.0000
0.0000
0.0000
0.0000
0.0000
0.2174
0.0000
0.2220
0.1716
0.0000
0.0000
0.5211
0.2523
0.3175
0.1997
0.0000
0.0161
0.1948
0.3044
0.0000
0.2043
0.2778
0.0000
0.0000
0.2583
0.1863
0.0000
0.1705
0.1894
0.1568
0.0000
0.0000
0.3175
0.0000
0.0000
0.2587
0.2333
0.2628
0.0000
0.1416
0.0000
0.1378
0.2882
0.1211
0.1069
0.2548
0.2084
0.1218
0.2768
0.0000
0.2043
0.0000
0.0000
0.0000
0.2520
0.3469
0.2752
0.0000
0.0000
0.1446
0.0000
0.3669
0.1775
0.0000
0.0000
0.0000
0.3662
0.2276
0.0000
0.0000
0.0000
0.2933
0.2561
0.2992
0.3265
0.0000
0.0000
0.2522
0.1996
0.2664
0.3051
0.1158
0.1730
0.0000
0.2408
0.1124
0.2610
0.0000
0.1356
0.2806
0.0000
0.0000
0.1428
0.1222
0.3756
0.0000
0.1533
0.2789
0.0000
0.0999
0.2014
0.2654
0.2083
0.0000
0.0000
0.1278
0.1852
0.1625
0.1041
0.2505
0.0000
0.3603
0.3910
0.1737
0.1251
0.2783
0.2291
0.0041
0.3033
0.2922
0.2150
0.2663
0.1971
0.1369
0.0000
0.0000
0.1980
0.0281
0.1420
0.2240
0.0000
0.1798
0.0000
0.1492
0.0000
0.0000
0.1440
0.2962
0.0000
0.0000
0.2822
0.1917
0.2544
0.1921
0.2010
0.1794
0.0000
0.0000
0.2381
0.0000
0.1543
0.0000
0.0000
0.0794
0.1032
0.0000
0.3450
0.0390
0.0000
0.1073
0.2193
0.1759
0.2683
0.2934
0.3515
0.1757
0.2578
0.0000
0.0770
0.0000
0.2250
0.1064
0.0353
0.1386
0.2221
0.2116
0.0000
0.2456
0.4030
0.0000
0.1002
0.1365
0.1657
0.2574
0.0000
0.2875
0.0000
0.0000
0.1043
0.0000
0.0000
0.0000
0.1496
0.0000
0.1978
0.1171
0.0569
0.1518
0.0808
0.0000
0.1875
0.2230
0.0000
0.0000
0.0000
0.1169
0.2011
0.0000
0.2377
0.1201
0.0000
0.1601
0.0846
0.0000
0.2117
0.2298
0.1172
0.0375
0.0000
0.2112
0.1471
0.0000
0.1198
0.0000
0.0000
0.0000
0.1218
0.1223
0.0000
0.0000
0.0000
0.1244
0.0000
0.0000
0.2693
0.1974
0.1812
0.1884
0.1386
0.3012
0.0948
0.0000
0.0000
0.1041
0.1292
0.0000
0.1455
0.2238
0.0000
0.1024
0.2799
0.0400
0.1268
0.1175
0.0731
0.0000
0.0000
0.1197
0.0000
0.0611
0.0758
0.5030
0.0000
0.0000
0.1366
0.1108
0.1218
0.0000
0.0000
0.0000
0.0000
0.0835
0.0000
0.0000
0.1882
0.0000
0.1316
0.1106
0.0000
0.1785
0.0000
0.1352
0.0000
0.0000
0.0000
0.1695
0.1744
0.0848
0.1991
0.0000
0.0000
0.1892
0.1375
0.0000
0.0000
0.0668
0.0000
0.1626
0.0000
0.0357
0.1721
0.0830
0.1476
0.2887
0.0000
0.0000
0.1195
0.0000
0.1781
0.0000
0.0820
0.0000
0.1513
0.1385
0.0000
0.0000
0.0995
0.1160
0.0000
0.0000
0.0000
0.0000
0.0000
0.1512
0.1002
0.1622
0.1584
0.0000
0.0000
0.0000
0.0000
0.0828
0.2181
0.0000
0.0663
0.1211
0.0000
0.2047
0.0315
0.0000
0.0000
0.0702
0.2844
0.0000
0.2232
0.0843
0.1942
0.2090
0.1482
0.1295
0.0795
0.0932
0.0000
0.1368
0.0558
0.1488
0.0000
0.1151
0.0000
0.0786
0.2100
0.3303
0.0868
0.2074
0.2743
0.1333
0.0486
0.1549
0.1316
0.1009
0.0246
0.1417
0.1521
0.0000
0.1121
0.2024
0.1186
0.0000
0.0000
0.1556
0.0000
0.0603
0.0000
0.1754
0.1384
0.0000
0.0000
0.2264
0.1675
0.0000
0.0000
0.0000
0.0000
0.0000
0.0000
0.1153
0.0000
0.1282
0.0845
0.0000
0.0000
0.8385
0.1535
0.1580
0.0752
0.0000
0.0206
0.2782
0.1657
0.0000
0.0652
0.1675
0.0000
0.0000
0.1392
0.0689
0.0000
0.1291
0.0935
0.0752
0.0000
0.0000
0.1770
0.0000
0.0000
0.1383
0.0650
0.1250
0.0000
0.0250
0.0000
0.1369
0.1356
0.0401
0.0640
0.1139
0.0604
0.0573
0.2593
0.0000
0.0318
0.0000
0.0000
0.0000
0.0984
0.2314
0.1467
0.0000
0.0000
0.0029
0.0000
0.2256
0.0468
0.0000
0.0000
0.0000
0.0872
0.1225
0.0000
0.0000
0.0000
0.1839
0.1661
0.1209
0.1819
0.0000
0.0000
0.1934
0.0671
0.1347
0.0963
0.0407
0.0400
0.0000
0.1221
0.0328
0.1645
0.0000
0.0237
0.1517
0.0000
0.0000
0.0657
0.0367
0.2396
0.0000
0.0715
0.1540
0.0000
0.0327
0.0868
0.0606
0.0869
0.0000
0.0000
0.1284
0.0702
0.0599
0.1763
0.0901
0.0000
0.2168
0.2260
0.0612
0.0332
0.2035
0.0518
0.0070
0.1259
0.1745
0.1258
0.0860
0.0409
0.0535
0.0000
0.0000
0.0749
0.0422
0.0503
0.1293
0.0000
0.0958
0.0000
0.0581
0.0000
0.0000
0.0478
0.1933
0.0000
0.0000
0.1168
0.0481
0.0811
0.0986
0.1011
0.0710
0.0000
0.0000
0.1045
0.0000
0.0065
0.0000
0.0000
0.0792
0.0428
0.0000
0.2063
0.0077
0.0000
0.0321
0.0733
0.1202
0.1441
0.1061
0.2509
0.0722
0.1758
0.0000
0.0340
0.0000
0.0895
0.0702
0.0321
0.0754
0.0739
0.1066
0.0000
0.0965
0.2532
0.0000
0.0243
0.0586
0.0419
0.2064
0.0000
0.1054
0.0000
0.0000
0.0388
0.0000
0.0000
0.0000
0.0605
0.0000
0.1592
0.0329
0.0123
0.0953
0.0377
0.0000
0.0619
0.0849
0.0000
0.0000
0.0000
0.0445
0.0685
0.0000
0.0750
0.0395
0.0000
0.1060
0.0433
0.0000
0.0844
0.0905
0.0517
0.0044
0.0000
0.0952
0.0747
0.0000
0.0691
0.0000
0.0000
0.0000
0.0855
0.0658
0.0000
0.0000
0.0000
0.0944
0.0000
0.0000
0.1192
0.0893
0.1198
0.0980
0.0925
0.2562
0.0531
0.0000
0.0000
0.0365
0.0601
0.0000
0.0770
0.0815
0.0000
0.0277
0.1510
0.0364
0.0736
0.0356
0.0291
0.0000
0.0000
0.0349
0.0000
0.0318
0.0424
0.5039
0.0000
0.0000
0.0681
0.0383
0.0878
0.0000
0.0000
0.0000
0.0000
0.0571
0.0000
0.0000
0.0975
0.0000
0.0410
0.0565
0.0000
0.1119
0.0000
0.0396
0.0000
0.0000
0.0000
0.0797
0.1600
0.0193
0.1586
0.0000
0.0000
0.1530
0.0749
0.0000
0.0000
0.0949
0.0000
0.1031
0.0000
0.0349
0.0471
0.0730
0.0079
0.1775
0.0000
0.0000
0.0681
0.0000
0.1449
0.0000
0.0324
0.0000
0.0822
0.0858
0.0000
0.0000
0.0584
0.0783
0.0000
0.0000
0.0000
0.0000
0.0000
0.0052
0.0451
0.1047
0.0722
0.0000
0.0000
0.0000
0.0000
0.0346
0.1647
0.0000
0.0210
0.0781
0.0000
0.1951
0.0129
0.0000
0.0000
0.0485
0.2114
0.0000
0.1713
0.0613
0.0897
0.2357
0.1083
0.1439
0.0440
0.0639
0.0000
0.0848
0.0187
0.1736
0.0000
0.0636
0.0000
0.0544
0.0675
0.3400
0.0315
0.0635
0.1567
0.0941
0.0251
0.1585
0.0661
0.0971
0.0064
0.0698
0.0746
0.0000
0.0757
0.1550
0.0358
0.0000
0.0000
0.0501
0.0000
0.0596
0.0000
0.0891
0.0207
0.0000
0.0000
0.1381
0.1366
0.0000
0.0000
0.0000
0.0000
0.0000
0.0000
0.1365
0.0000
0.1037
0.0861
0.0000
0.0000
0.8415
0.1209
0.1054
0.0335
0.0000
0.0336
0.1026
0.1417
0.0000
0.0202
0.1554
0.0000
0.0000
0.0597
0.0363
0.0000
0.1119
0.0737
0.0377
0.0000
0.0000
0.0923
0.0000
0.0000
0.0892
0.0246
0.0847
0.0000
0.0194
0.0000
0.0718
0.1125
0.0198
0.0366
0.0864
0.0626
0.0701
0.3322
0.0000
0.0180
0.0000
0.0000
0.0000
0.0742
0.2049
0.1171
0.0000
0.0000
0.0032
0.0000
0.2040
0.0308
0.0000
0.0000
0.0000
0.0859
0.0490
0.0000
0.0000
0.0000
0.1829
0.2015
0.0875
0.1828
0.0000
0.0000
0.0884
0.0442
0.1273
0.0306
0.0227
0.3584
0.0000
0.1510
0.0393
0.1708
0.0000
0.0135
0.1228
0.0000
0.0000
0.0470
0.0595
0.1986
0.0000
0.0461
0.1401
0.0000
0.0138
0.0434
0.0379
0.0707
0.0000
0.0000
0.0825
0.0744
0.0457
0.1763
0.0570
0.0000
0.3013
0.1962
0.0370
0.0379
0.2092
0.0352
0.0077
0.1082
0.2302
0.1305
0.0917
0.0809
0.0427
0.0000
0.0000
0.0773
0.0573
0.0333
0.1070
0.0000
0.0643
0.0000
0.0450
0.0000
0.0000
0.1466
0.1697
0.0000
0.0000
0.0770
0.0294
0.0912
0.0577
0.0999
0.0532
0.0000
0.0000
0.0776
0.0000
0.0073
0.0000
0.0000
0.0810
0.0243
0.0000
0.1717
0.0112
0.0000
0.0323
0.0703
0.0851
0.0509
0.0831
0.2707
0.0660
0.1833
0.0000
0.0454
0.0000
0.0607
0.0702
0.0340
0.1084
0.0428
0.0864
0.0000
0.0601
0.3143
0.0000
0.1899
0.0465
0.0317
0.1721
0.0000
0.0582
0.0000
0.0000
0.0266
0.0000
0.0000
0.0000
0.0518
0.0000
0.1909
0.1348
0.0132
0.0848
0.0366
0.0000
0.0377
0.0243
0.0000
0.0000
0.0000
0.0369
0.0728
0.0000
0.0457
0.0477
0.0000
0.1052
0.0161
0.0000
0.0785
0.0566
0.0705
0.0048
0.0000
0.0374
0.0704
0.0000
0.0442
0.0000
0.0000
0.0000
0.0495
0.0761
0.0000
0.0000
0.0000
0.1088
0.0000
0.0000
0.0547
0.0937
0.1066
0.0886
0.1086
0.3415
0.0478
0.0000
0.0000
0.0162
0.0727
0.0000
0.0511
0.0766
0.0000
0.0291
0.1030
0.0368
0.0506
0.0356
0.0364
0.0000
0.0000
0.0302
0.0000
0.0361
0.0351
0.5047
0.0000
0.0000
0.0452
0.0316
0.1081
0.0000
0.0000
0.0000
0.0000
0.0613
0.0000
0.0000
0.0735
0.0000
0.0137
0.0514
0.0000
0.1066
0.0000
0.0197
0.0000
0.0000
0.0000
0.0621
0.1301
0.0204
0.1700
0.0000
0.0000
0.1912
0.0492
0.0000
0.0000
0.1376
0.0000
0.1070
0.0000
0.0149
0.0061
0.0780
0.0090
0.1335
0.0000
0.0000
0.0581
0.0000
0.2143
0.0000
0.0333
0.0000
0.0834
0.1009
0.0000
0.0000
0.0436
0.0902
0.0000
0.0000
0.0000
0.0000
0.0000
0.0053
0.0290
0.1113
0.0554
0.0000
0.0000
0.0000
0.0000
0.0303
0.2027
0.0000
0.0195
0.0843
0.0000
0.3128
0.0163
0.0000
0.0000
0.0517
0.2115
0.0000
0.1850
0.0929
0.0619
0.3365
0.1047
0.1903
0.0435
0.0713
0.0000
0.0748
0.0374
0.2308
0.0000
0.0550
0.0000
0.0179
0.0609
0.4842
0.0337
0.0457
0.1490
0.1013
0.0196
0.1628
0.0563
0.1433
0.0072
0.0564
0.0804
0.0000
0.0489
0.1668
0.0490
0.0000
0.0000
0.0654
0.0000
0.0417
0.0000
0.1029
0.0190
0.0000
0.0000
0.1616
0.1623
0.0000
0.0000
0.0000
0.0000
0.0000
0.0000
0.1141
0.0000
0.1245
0.0887
0.0000
0.0000
0.8460
0.1559
0.0970
0.0206
0.0000
0.0445
0.0150
0.1315
0.0000
0.0234
0.2153
0.0000
0.0000
0.0459
0.0426
0.0000
0.1459
0.1047
0.0558
0.0000
0.0000
0.0576
0.0000
0.0000
0.0926
0.0349
0.0810
0.0000
0.0249
0.0000
0.0719
0.1668
0.0253
0.0228
0.0922
0.0855
0.0393
0.3093
0.0000
0.0209
0.0000
0.0000
0.0000
0.0698
0.2952
0.1396
0.0000
0.0000
0.0035
0.0000
0.2310
0.0376
0.0000
0.0000
0.0000
0.1551
0.0344
0.0000
0.0000
0.0000
0.2208
0.3232
0.1031
0.1908
0.0000
0.0000
0.0570
0.0351
0.1966
0.0218
0.0409
0.3730
0.0000
0.1765
0.0899
0.2347
0.0000
0.0145
0.1284
0.0000
0.0000
0.0691
0.0522
0.2057
0.0000
0.0312
0.1841
0.0000
0.0144
0.0534
0.0466
0.0651
0.0000
0.0000
0.0851
0.1044
0.0372
0.1052
0.0461
0.0000
0.3462
0.1985
0.0371
0.0640
0.2593
0.0437
0.0082
0.0943
0.3096
0.1523
0.1196
0.0856
0.0461
0.0000
0.0000
0.0778
0.0724
0.0461
0.1393
0.0000
0.0777
0.0000
0.0590
0.0000
0.0000
0.2474
0.1831
0.0000
0.0000
0.0600
0.0316
0.1305
0.0486
0.1399
0.0725
0.0000
0.0000
0.1168
0.0000
0.0087
0.0000
0.0000
0.0837
0.0279
0.0000
0.1632
0.0460
0.0000
0.0088
0.1329
0.0696
0.0482
0.0947
0.2872
0.0636
0.2016
0.0000
0.0451
0.0000
0.0459
0.0724
0.0256
0.1413
0.0450
0.1694
0.0000
0.0838
0.4243
0.0000
0.2741
0.0534
0.0349
0.1773
0.0000
0.0690
0.0000
0.0000
0.0441
0.0000
0.0000
0.0000
0.0638
0.0000
0.3010
0.2366
0.0156
0.1107
0.0490
0.0000
0.0365
0.0368
0.0000
0.0000
0.0000
0.0390
0.1006
0.0000
0.0474
0.0507
0.0000
0.1281
0.0469
0.0000
0.1004
0.0619
0.1165
0.0053
0.0000
0.0670
0.1057
0.0000
0.0415
0.0000
0.0000
0.0000
0.0512
0.1078
0.0000
0.0000
0.0000
0.1247
0.0000
0.0000
0.0467
0.0950
0.1221
0.1072
0.1426
0.4351
0.0571
0.0000
0.0000
0.0202
0.0782
0.0000
0.0663
0.0794
0.0000
0.0307
0.1176
0.0244
0.0618
0.0370
0.0416
0.0000
0.0000
0.0384
0.0000
0.0409
0.0390
0.7453
0.0000
0.0000
0.0372
0.0399
0.1427
0.0000
0.0000
0.0000
0.0000
0.0657
0.0000
0.0000
0.0826
0.0000
0.0178
0.1015
0.0000
0.1586
0.0000
0.0200
0.0000
0.0000
0.0000
0.0763
0.1826
0.0150
0.2184
0.0000
0.0000
0.2553
0.0490
0.0000
0.0000
0.1882
0.0000
0.1288
0.0000
0.0165
0.0062
0.1371
0.0107
0.1397
0.0000
0.0000
0.0691
0.0000
0.3003
0.0000
0.0357
0.0000
0.0887
0.1389
0.0000
0.0000
0.0745
0.1370
0.0000
0.0000
0.0000
0.0000
0.0000
0.0052
0.0253
0.1534
0.0592
0.0000
0.0000
0.0000
0.0000
0.0276
0.2306
0.0000
0.0218
0.1006
0.0000
0.4267
0.0388
0.0000
0.0000
0.0686
0.2967
0.0000
0.2195
0.1296
0.0740
0.4697
0.1439
0.3163
0.0441
0.1326
0.0000
0.0736
0.0491
0.3364
0.0000
0.0459
0.0000
0.0195
0.0553
0.6567
0.0440
0.0733
0.1691
0.1187
0.0222
0.1680
0.0534
0.2054
0.0079
0.0726
0.1223
0.0000
0.0692
0.1999
0.0529
0.0000
0.0000
0.0801
0.0000
0.0439
0.0000
0.1078
0.0212
0.0000
0.0000
0.1842
0.2204
0.0000
0.0000
0.0000
0.0000
0.0000
0.0000
0.1729
0.0000
0.1550
0.1195
0.0000
0.0000
0.9990
0.2014
0.1142
0.0230
0.0000
0.0516
0.0172
0.1565
0.0000
0.0299
0.3036
0.0000
0.0000
0.0640
0.0544
0.0000
0.2032
0.1216
0.0619
0.0000
0.0000
0.1211
0.0000
0.0000
0.1350
0.0369
0.0967
0.0000
0.0486
0.0000
0.0732
0.1730
0.0260
0.0244
0.1220
0.1324
0.0228
0.3801
0.0000
0.0373
0.0000
0.0000
0.0000
0.0889
0.3572
0.1949
0.0000
0.0000
0.0043
0.0000
0.2912
0.0792
0.0000
0.0000
0.0000
0.2255
0.0370
0.0000
0.0000
0.0000
0.3464
0.4483
0.1521
0.2524
0.0000
0.0000
0.0835
0.0267
0.2893
0.0220
0.0754
0.6887
0.0000
0.2235
0.2010
0.2951
0.0000
0.0170
0.1641
0.0000
0.0000
0.0741
0.0784
0.2197
0.0000
0.0366
0.2264
0.0000
0.0165
0.0610
0.0585
0.0797
0.0000
0.0000
0.0884
0.1520
0.0415
0.1084
0.0545
0.0000
0.4165
0.2314
0.0380
0.0815
0.3633
0.0520
0.0119
0.0812
0.4027
0.2172
0.1651
0.1208
0.0517
0.0000
0.0000
0.1235
0.3850
0.0655
0.2046
0.0000
0.0914
0.0000
0.0915
0.0000
0.0000
0.3466
0.2185
0.0000
0.0000
0.0617
0.0342
0.1782
0.0509
0.1666
0.0796
0.0000
0.0000
0.2331
0.0000
0.1000
0.0000
0.0000
0.1027
0.0430
0.0000
0.1600
0.0822
0.0000
0.0098
0.1800
0.0742
0.0702
0.1227
0.3114
0.0919
0.2379
0.0000
0.0483
0.0000
0.0560
0.0637
0.0302
0.1753
0.0792
0.2016
0.0000
0.1333
0.5821
0.0000
0.3560
0.0902
0.0396
0.1717
0.0000
0.1170
0.0000
0.0000
0.0550
0.0000
0.0000
0.0000
0.0783
0.0000
0.4335
0.3329
0.0194
0.1632
0.0722
0.0000
0.0490
0.0491
0.0000
0.0000
0.0000
0.0726
0.1346
0.0000
0.0567
0.0764
0.0000
0.1723
0.0790
0.0000
0.1408
0.0821
0.1800
0.0059
0.0000
0.0967
0.1632
0.0000
0.0577
0.0000
0.0000
0.0000
0.0529
0.1596
0.0000
0.0000
0.0000
0.1950
0.0000
0.0000
0.0404
0.0985
0.1473
0.1410
0.2339
0.4947
0.0816
0.0000
0.0000
0.0453
0.0749
0.0000
0.0695
0.0926
0.0000
0.0460
0.0954
0.0276
0.0658
0.0498
0.0616
0.0000
0.0000
0.0422
0.0000
0.0756
0.0483
0.7527
0.0000
0.0000
0.0813
0.0563
0.2298
0.0000
0.0000
0.0000
0.0000
0.0988
0.0000
0.0000
0.0860
0.0000
0.0507
0.1756
0.0000
0.3004
0.0000
0.0210
0.0000
0.0000
0.0000
0.1012
0.2520
0.0230
0.3456
0.0000
0.0000
0.3535
0.0695
0.0000
0.0000
0.3312
0.0000
0.1663
0.0000
0.0195
0.0063
0.1904
0.1534
0.1408
0.0000
0.0000
0.0729
0.0000
0.3782
0.0000
0.0385
0.0000
0.1216
0.2129
0.0000
0.0000
0.1001
0.2268
0.0000
0.0000
0.0000
0.0000
0.0000
0.0057
0.0487
0.2139
0.0836
0.0000
0.0000
0.0000
0.0000
0.0321
0.3314
0.0000
0.0253
0.1600
0.0000
0.5964
0.0512
0.0000
0.0000
0.0898
0.3724
0.0000
0.2564
0.2588
0.1038
0.5992
0.1644
0.4805
0.0452
0.1894
0.0000
0.1167
0.0629
0.4966
0.0000
0.0608
0.0000
0.0231
0.0635
0.8124
0.0945
0.0756
0.2204
0.1493
0.0336
0.3078
0.0587
0.2652
0.0178
0.0845
0.1908
0.0000
0.1122
0.2271
0.0762
0.0000
0.0000
0.0826
0.0000
0.0497
0.0000
0.1500
0.0807
0.0000
0.0000
0.2728
0.2731
0.0000
0.0000
0.0000
0.0000
0.0000
0.0000
0.2078
0.0000
0.2240
0.1268
0.0000
0.0000
0.9999
0.2654
0.1515
0.0260
0.0000
0.0600
0.0196
0.2174
0.0000
0.0467
0.4045
0.0000
0.0000
0.0754
0.0769
0.0000
0.2818
0.1670
0.0958
0.0000
0.0000
0.1374
0.0000
0.0000
0.1633
0.0389
0.1317
0.0000
0.0913
0.0000
0.0744
0.2159
0.0313
0.0277
0.1528
0.1651
0.0228
0.4206
0.0000
0.0604
0.0000
0.0000
0.0000
0.1160
0.4182
0.2458
0.0000
0.0000
0.0038
0.0000
0.3938
0.1376
0.0000
0.0000
0.0000
0.2272
0.0427
0.0000
0.0000
0.0000
0.4692
0.5938
0.1999
0.2990
0.0000
0.0000
0.0969
0.0279
0.3698
0.0310
0.1180
0.9988
0.0000
0.3154
0.2757
0.3976
0.0000
0.0287
0.1890
0.0000
0.0000
0.1170
0.1368
0.2269
0.0000
0.0525
0.2814
0.0000
0.0194
0.0682
0.0843
0.1029
0.0000
0.0000
0.1421
0.1999
0.0564
0.1484
0.0744
0.0000
0.5111
0.2342
0.0399
0.1241
0.4692
0.0612
0.3404
0.0938
0.4670
0.2793
0.2688
0.1463
0.0839
0.0000
0.0000
0.1987
0.4030
0.0843
0.2585
0.0000
0.1507
0.0000
0.1571
0.0000
0.0000
0.3808
0.2645
0.0000
0.0000
0.0841
0.0549
0.2611
0.0595
0.2173
0.1202
0.0000
0.0000
0.3471
0.0000
0.1490
0.0000
0.0000
0.1394
0.0593
0.0000
0.2192
0.0883
0.0000
0.0110
0.2072
0.0793
0.0690
0.1799
0.3564
0.1079
0.2867
0.0000
0.0536
0.0000
0.0908
0.0660
0.0371
0.3150
0.1131
0.2750
0.0000
0.1551
0.7377
0.0000
0.3573
0.1554
0.0574
0.1894
0.0000
0.1564
0.0000
0.0000
0.0798
0.0000
0.0000
0.0000
0.1150
0.0000
0.5545
0.4290
0.0354
0.2119
0.1194
0.0000
0.0994
0.0671
0.0000
0.0000
0.0000
0.0987
0.2101
0.0000
0.0601
0.0927
0.0000
0.2217
0.1053
0.0000
0.1911
0.1364
0.3015
0.0063
0.0000
0.0977
0.1936
0.0000
0.1044
0.0000
0.0000
0.0000
0.0538
0.2002
0.0000
0.0000
0.0000
0.2949
0.0000
0.0000
0.0540
0.1041
0.1731
0.1825
0.3462
0.5414
0.1336
0.0000
0.0000
0.0709
0.1146
0.0000
0.1001
0.1052
0.0000
0.0777
0.1056
0.0312
0.0869
0.0735
0.1774
0.0000
0.0000
0.0642
0.0000
0.1106
0.0659
1.0000
0.0000
0.0000
0.1360
0.0802
0.2795
0.0000
0.0000
0.0000
0.0000
0.1054
0.0000
0.0000
0.1219
0.0000
0.1130
0.2272
0.0000
0.4070
0.0000
0.0405
0.0000
0.0000
0.0000
0.1958
0.2717
0.0385
0.4235
0.0000
0.0000
0.4223
0.1065
0.0000
0.0000
0.4487
0.0000
0.2143
0.0000
0.0225
0.0066
0.2194
0.1546
0.1581
0.0000
0.0000
0.0755
0.0000
0.4598
0.0000
0.0965
0.0000
0.1668
0.2734
0.0000
0.0000
0.1697
0.2984
0.0000
0.0000
0.0000
0.0000
0.0000
0.0059
0.0469
0.2565
0.1220
0.0000
0.0000
0.0000
0.0000
0.0562
0.4705
0.0000
0.0557
0.2177
0.0000
0.7073
0.0632
0.0000
0.0000
0.1599
0.4423
0.0000
0.3103
0.3172
0.2007
0.7788
0.2826
0.6397
0.1163
0.2340
0.0000
0.1629
0.1390
0.6955
0.0000
0.0657
0.0000
0.0272
0.0734
0.8987
0.1318
0.0926
0.2883
0.2076
0.0375
0.4503
0.0872
0.3607
0.0364
0.1179
0.2596
0.0000
0.1540
0.2786
0.1193
0.0000
0.0000
0.1211
0.0000
0.0716
0.0000
0.2454
0.0860
0.0000
0.0000
0.4117
0.3624
0.0000
0.0000
0.0000
0.0000
0.0000
0.0000
0.2334
0.0000
0.3151
0.1914
0.0000
0.0000
0.9999
0.3098
0.2045
0.0422
0.0000
0.2936
0.1082
0.3222
0.0000
0.0981
0.4959
0.0000
0.0000
0.1107
0.0992
0.0000
0.3410
0.2267
0.1891
0.0000
0.0000
0.1914
0.0000
0.0000
0.2068
0.0414
0.2347
0.0000
0.1957
0.0000
0.1402
0.2383
0.0334
0.0690
0.1902
0.1897
0.0236
0.5296
0.0000
0.1182
0.0000
0.0000
0.0000
0.1522
0.5354
0.3612
0.0000
0.0000
0.0040
0.0000
0.5156
0.1906
0.0000
0.0000
0.0000
0.2289
0.0503
0.0000
0.0000
0.0000
0.5870
0.7296
0.2912
0.4435
0.0000
0.0000
0.1798
0.0281
0.4548
0.0446
0.2503
0.9997
0.0000
0.4029
0.3932
0.5214
0.0000
0.0320
0.2304
0.0000
0.0000
0.1401
0.2044
0.2889
0.0000
0.0985
0.3793
0.0000
0.0307
0.0805
0.1476
0.1279
0.0000
0.0000
0.2923
0.2388
0.0673
0.1883
0.1184
0.0000
0.5771
0.2679
0.0429
0.1668
0.5782
0.0777
0.3409
0.1433
0.5714
0.3549
0.3523
0.2423
0.1207
0.0000
0.0000
0.2612
0.9967
0.1140
0.3300
0.0000
0.2460
0.0000
0.2132
0.0000
0.0000
0.4145
0.3570
0.0000
0.0000
0.1020
0.0578
0.3473
0.0591
0.2629
0.2027
0.0000
0.0000
0.4435
0.0000
0.2644
0.0000
0.0000
0.2180
0.0860
0.0000
0.3099
0.3094
0.0000
0.0126
0.3361
0.1400
0.0920
0.2336
0.3964
0.1786
0.3628
0.0000
0.0852
0.0000
0.1386
0.0687
0.0667
0.4776
0.1476
0.3429
0.0000
0.2024
0.7911
0.0000
0.4382
0.2137
0.0706
0.2541
0.0000
0.2116
0.0000
0.0000
0.1195
0.0000
0.0000
0.0000
0.1643
0.0000
0.7365
0.5252
0.0920
0.3568
0.2442
0.0000
0.1717
0.0945
0.0000
0.0000
0.0000
0.1388
0.2363
0.0000
0.0832
0.1139
0.0000
0.2587
0.1736
0.0000
0.2585
0.2180
0.4480
0.0071
0.0000
0.1558
0.2645
0.0000
0.1780
0.0000
0.0000
0.0000
0.0907
0.2411
0.0000
0.0000
0.0000
0.3977
0.0000
0.0000
0.0776
0.1107
0.2369
0.2576
0.5057
0.5826
0.1886
0.0000
0.0000
0.1181
0.1533
0.0000
0.1553
0.0993
0.0000
0.1358
0.1146
0.0475
0.1024
0.0977
0.2343
0.0000
0.0000
0.0954
0.0000
0.1326
0.0800
1.0000
0.0000
0.0000
0.1930
0.1029
0.3943
0.0000
0.0000
0.0000
0.0000
0.1404
0.0000
0.0000
0.2036
0.0000
0.2366
0.3346
0.0000
0.5469
0.0000
0.0522
0.0000
0.0000
0.0000
0.2388
0.3407
0.0678
0.5462
0.0000
0.0000
0.5352
0.1671
0.0000
0.0000
0.5634
0.0000
0.3068
0.0000
0.0264
0.0069
0.2769
0.1569
0.2138
0.0000
0.0000
0.0992
0.0000
0.6063
0.0000
0.1368
0.0000
0.2313
0.3662
0.0000
0.0000
0.2454
0.3498
0.0000
0.0000
0.0000
0.0000
0.0000
0.0066
0.0887
0.3896
0.1768
0.0000
0.0000
0.0000
0.0000
0.0814
0.5933
0.0000
0.0866
0.3094
0.0000
0.8351
0.0847
0.0000
0.0000
0.2296
0.5558
0.0000
0.3536
0.4065
0.2960
0.9043
0.4177
0.7494
0.1521
0.3200
0.0000
0.2329
0.2144
0.8062
0.0000
0.1453
0.0000
0.0338
0.1035
0.9661
0.1888
0.1262
0.3572
0.3061
0.0638
0.7254
0.1503
0.4900
0.0462
0.1596
0.3076
0.0000
0.2071
0.3364
0.1743
0.0000
0.0000
0.1609
0.0000
0.1094
0.0000
0.3132
0.2046
0.0000
0.0000
0.5568
0.4321
0.0000
0.0000
0.0000
0.0000
0.0000
0.0000
0.2802
0.0000
0.4061
0.3140
0.0000
0.0000
0.9998
0.3640
0.3038
0.0458
0.0000
0.2970
0.1099
0.3819
0.0000
0.1673
0.6362
0.0000
0.0000
0.1618
0.1330
0.0000
0.4101
0.3565
0.2782
0.0000
0.0000
0.2221
0.0000
0.0000
0.2621
0.0495
0.3056
0.0000
0.3597
0.0000
0.1405
0.2712
0.0584
0.0857
0.2132
0.2250
0.0255
0.6052
0.0000
0.1565
0.0000
0.0000
0.0000
0.2090
0.6519
0.4454
0.0000
0.0000
0.0041
0.0000
0.6613
0.3027
0.0000
0.0000
0.0000
0.2990
0.0853
0.0000
0.0000
0.0000
0.6956
0.8111
0.3508
0.5761
0.0000
0.0000
0.2234
0.0368
0.5631
0.0871
0.4050
0.9997
0.0000
0.4791
0.4186
0.6074
0.0000
0.0444
0.2808
0.0000
0.0000
0.1925
0.2304
0.3288
0.0000
0.1535
0.4883
0.0000
0.0333
0.1497
0.2139
0.1652
0.0000
0.0000
0.2967
0.3140
0.0908
0.2623
0.1546
0.0000
0.6906
0.3038
0.0579
0.2038
0.7074
0.1257
0.3439
0.2009
0.6649
0.4475
0.5336
0.3626
0.2059
0.0000
0.0000
0.3453
0.9988
0.1596
0.4375
0.0000
0.3104
0.0000
0.2687
0.0000
0.0000
0.7371
0.4344
0.0000
0.0000
0.1212
0.1154
0.4800
0.0674
0.3486
0.2726
0.0000
0.0000
0.5261
0.0000
0.3799
0.0000
0.0000
0.3110
0.1328
0.0000
0.3835
0.4663
0.0000
0.0746
0.4418
0.1982
0.0921
0.2764
0.4508
0.2770
0.4770
0.0000
0.1300
0.0000
0.1859
0.0825
0.1134
0.5330
0.2221
0.5021
0.0000
0.2693
0.8925
0.0000
0.6761
0.2852
0.0824
0.2891
0.0000
0.3056
0.0000
0.0000
0.1993
0.0000
0.0000
0.0000
0.2164
0.0000
0.8515
0.6194
0.1088
0.4580
0.3047
0.0000
0.2388
0.1386
0.0000
0.0000
0.0000
0.2423
0.2900
0.0000
0.1278
0.1346
0.0000
0.3172
0.2899
0.0000
0.3541
0.2413
0.5545
0.0407
0.0000
0.2142
0.3486
0.0000
0.2395
0.0000
0.0000
0.0000
0.0922
0.2716
0.0000
0.0000
0.0000
0.4851
0.0000
0.0000
0.1012
0.1170
0.3022
0.3493
0.6546
0.6620
0.2295
0.0000
0.0000
0.1656
0.1770
0.0000
0.1862
0.1356
0.0000
0.1770
0.1247
0.0658
0.2163
0.1492
0.2917
0.0000
0.0000
0.1347
0.0000
0.1843
0.0940
1.0000
0.0000
0.0000
0.2913
0.1385
0.4656
0.0000
0.0000
0.0000
0.0000
0.2215
0.0000
0.0000
0.3214
0.0000
0.2829
0.3873
0.0000
0.6186
0.0000
0.0646
0.0000
0.0000
0.0000
0.2804
0.3935
0.1248
0.6601
0.0000
0.0000
0.6406
0.2439
0.0000
0.0000
0.6754
0.0000
0.3590
0.0000
0.0676
0.0068
0.3486
0.1581
0.3555
0.0000
0.0000
0.1129
0.0000
0.7199
0.0000
0.1631
0.0000
0.2964
0.4880
0.0000
0.0000
0.2991
0.4330
0.0000
0.0000
0.0000
0.0000
0.0000
0.0649
0.1309
0.4534
0.2518
0.0000
0.0000
0.0000
0.0000
0.1327
0.7032
0.0000
0.1011
0.4127
0.0000
0.9208
0.1444
0.0000
0.0000
0.2859
0.6356
0.0000
0.4021
0.5199
0.3404
0.9570
0.5100
0.8399
0.2227
0.3907
0.0000
0.3478
0.2721
0.8966
0.0000
0.2005
0.0000
0.0750
0.1337
0.9995
0.2351
0.1597
0.4327
0.3757
0.0900
0.8623
0.2005
0.6019
0.0564
0.2243
0.3695
0.0000
0.3692
0.4273
0.2476
0.0000
0.0000
0.2457
0.0000
0.1606
0.0000
0.4024
0.3197
0.0000
0.0000
0.6730
0.5595
0.0000
0.0000
0.0000
0.0000
0.0000
0.0000
0.3714
0.0000
0.4883
0.4348
0.0000
0.0000
0.9998
0.4355
0.3693
0.1121
0.0000
0.5324
0.1119
0.4080
0.0000
0.2560
0.7103
0.0000
0.0000
0.2083
0.1577
0.0000
0.4669
0.4146
0.3559
0.0000
0.0000
0.3478
0.0000
0.0000
0.2895
0.0851
0.3660
0.0000
0.4969
0.0000
0.2063
0.3127
0.0745
0.1153
0.2428
0.3040
0.0271
0.6642
0.0000
0.2168
0.0000
0.0000
0.0000
0.2326
0.7254
0.5594
0.0000
0.0000
0.0042
0.0000
0.7407
0.3891
0.0000
0.0000
0.0000
0.3007
0.1473
0.0000
0.0000
0.0000
0.8132
0.8670
0.4358
0.6668
0.0000
0.0000
0.3058
0.0455
0.6636
0.1166
0.5391
0.9997
0.0000
0.5357
0.5011
0.6712
0.0000
0.0761
0.3219
0.0000
0.0000
0.2246
0.2763
0.3905
0.0000
0.2503
0.5949
0.0000
0.0531
0.2174
0.2645
0.2423
0.0000
0.0000
0.3967
0.3795
0.1435
0.2645
0.1956
0.0000
0.7509
0.3112
0.0914
0.2953
0.7676
0.1758
0.3448
0.2677
0.7343
0.5107
0.6088
0.4596
0.2618
0.0000
0.0000
0.4279
0.9990
0.2073
0.5094
0.0000
0.4195
0.0000
0.3107
0.0000
0.0000
0.7380
0.5304
0.0000
0.0000
0.1434
0.1454
0.5614
0.0856
0.4094
0.3980
0.0000
0.0000
0.5773
0.0000
0.4487
0.0000
0.0000
0.3284
0.1999
0.0000
0.4212
0.5466
0.0000
0.1357
0.5343
0.2390
0.0930
0.3776
0.5041
0.3504
0.5583
0.0000
0.1730
0.0000
0.2684
0.1070
0.2157
0.5616
0.2481
0.6583
0.0000
0.3343
0.8937
0.0000
0.7554
0.3428
0.1666
0.3238
0.0000
0.3881
0.0000
0.0000
0.2826
0.0000
0.0000
0.0000
0.2943
0.0000
0.9348
0.8046
0.1545
0.5598
0.3902
0.0000
0.3118
0.1915
0.0000
0.0000
0.0000
0.2941
0.3338
0.0000
0.1623
0.1552
0.0000
0.3746
0.3966
0.0000
0.4029
0.3283
0.6739
0.0736
0.0000
0.2147
0.4184
0.0000
0.3095
0.0000
0.0000
0.0000
0.1301
0.3744
0.0000
0.0000
0.0000
0.6056
0.0000
0.0000
0.1613
0.1742
0.3804
0.4146
0.7311
0.7183
0.2930
0.0000
0.0000
0.2131
0.1979
0.0000
0.2390
0.1812
0.0000
0.2384
0.1241
0.1122
0.2887
0.1715
0.3710
0.0000
0.0000
0.1864
0.0000
0.3069
0.1325
1.0000
0.0000
0.0000
0.3766
0.2091
0.5640
0.0000
0.0000
0.0000
0.0000
0.3022
0.0000
0.0000
0.4128
0.0000
0.4189
0.4486
0.0000
0.7110
0.0000
0.0761
0.0000
0.0000
0.0000
0.3690
0.4435
0.1607
0.7645
0.0000
0.0000
0.7241
0.2983
0.0000
0.0000
0.7096
0.0000
0.4303
0.0000
0.0719
0.0073
0.4531
0.4387
0.4492
0.0000
0.0000
0.1277
0.0000
0.7770
0.0000
0.1903
0.0000
0.3589
0.5678
0.0000
0.0000
0.3586
0.4971
0.0000
0.0000
0.0000
0.0000
0.0000
0.0940
0.2220
0.5548
0.2883
0.0000
0.0000
0.0000
0.0000
0.1839
0.7842
0.0000
0.1038
0.5420
0.0000
0.9582
0.1946
0.0000
0.0000
0.3681
0.6826
0.0000
0.4417
0.6096
0.4218
0.9829
0.6060
0.9144
0.2231
0.4718
0.0000
0.4659
0.3452
0.9432
0.0000
0.2534
0.0000
0.1262
0.1778
0.9996
0.2752
0.2106
0.4846
0.5109
0.1453
0.8627
0.2611
0.6849
0.0755
0.2895
0.4653
0.0000
0.5056
0.5161
0.4001
0.0000
0.0000
0.2970
0.0000
0.1805
0.0000
0.4783
0.3282
0.0000
0.0000
0.7524
0.6715
0.0000
0.0000
0.0000
0.0000
0.0000
0.0000
0.4137
0.0000
0.5768
0.4699
0.0000
0.0000
0.9998
0.4998
0.4601
0.1403
0.0000
0.5344
0.2878
0.4826
0.0000
0.3353
0.8587
0.0000
0.0000
0.2773
0.2790
0.0000
0.5303
0.4440
0.4315
0.0000
0.0000
0.4176
0.0000
0.0000
0.3478
0.1446
0.4039
0.0000
0.5945
0.0000
0.2718
0.3440
0.0929
0.1634
0.2815
0.3550
0.0424
0.7875
0.0000
0.2578
0.0000
0.0000
0.0000
0.3036
0.7971
0.6486
0.0000
0.0000
0.0042
0.0000
0.8048
0.5400
0.0000
0.0000
0.0000
0.3019
0.2336
0.0000
0.0000
0.0000
0.8616
0.9226
0.5064
0.7941
0.0000
0.0000
0.3867
0.0468
0.7239
0.1424
0.6313
0.9997
0.0000
0.5804
0.5962
0.7373
0.0000
0.0813
0.3440
0.0000
0.0000
0.2270
0.3084
0.4126
0.0000
0.3030
0.6594
0.0000
0.0639
0.3241
0.3256
0.2953
0.0000
0.0000
0.4001
0.4544
0.2002
0.2666
0.2499
0.0000
0.7885
0.3733
0.1328
0.3486
0.8150
0.2224
0.6718
0.2889
0.7737
0.5686
0.6374
0.5018
0.3421
0.0000
0.0000
0.4926
0.9990
0.2574
0.5799
0.0000
0.4621
0.0000
0.3482
0.0000
0.0000
0.6763
0.5884
0.0000
0.0000
0.1665
0.1841
0.6453
0.1181
0.4651
0.5050
0.0000
0.0000
0.6078
0.0000
0.4727
0.0000
0.0000
0.3458
0.2833
0.0000
0.4567
0.6853
0.0000
0.1365
0.6333
0.2787
0.0930
0.4916
0.5572
0.4384
0.5730
0.0000
0.2124
0.0000
0.3736
0.1209
0.2739
0.6173
0.2981
0.6869
0.0000
0.4273
0.8950
0.0000
0.7558
0.4269
0.2272
0.4013
0.0000
0.4571
0.0000
0.0000
0.3388
0.0000
0.0000
0.0000
0.3721
0.0000
0.9745
0.8068
0.2657
0.6758
0.4730
0.0000
0.3977
0.2550
0.0000
0.0000
0.0000
0.3543
0.3882
0.0000
0.2189
0.1716
0.0000
0.4257
0.4835
0.0000
0.4728
0.3607
0.7666
0.0743
0.0000
0.2441
0.4752
0.0000
0.3569
0.0000
0.0000
0.0000
0.1675
0.4612
0.0000
0.0000
0.0000
0.6643
0.0000
0.0000
0.1893
0.2326
0.4990
0.4777
0.7873
0.7735
0.3619
0.0000
0.0000
0.2614
0.2481
0.0000
0.3119
0.2146
0.0000
0.2860
0.1379
0.1160
0.3520
0.2044
0.4487
0.0000
0.0000
0.2254
0.0000
0.3397
0.2222
1.0000
0.0000
0.0000
0.4831
0.2479
0.6497
0.0000
0.0000
0.0000
0.0000
0.3457
0.0000
0.0000
0.4893
0.0000
0.4805
0.5037
0.0000
0.8027
0.0000
0.0984
0.0000
0.0000
0.0000
0.4311
0.4775
0.2005
0.8073
0.0000
0.0000
0.7658
0.3551
0.0000
0.0000
0.7881
0.0000
0.4999
0.0000
0.0752
0.0079
0.5364
0.5788
0.5147
0.0000
0.0000
0.1484
0.0000
0.8069
0.0000
0.2246
0.0000
0.4089
0.6433
0.0000
0.0000
0.4570
0.5327
0.0000
0.0000
0.0000
0.0000
0.0000
0.1233
0.2791
0.6405
0.3222
0.0000
0.0000
0.0000
0.0000
0.2169
0.8340
0.0000
0.1070
0.6126
0.0000
0.9691
0.2629
0.0000
0.0000
0.4248
0.7129
0.0000
0.5022
0.6987
0.4754
0.9919
0.6624
0.9403
0.2587
0.5468
0.0000
0.5509
0.4088
0.9792
0.0000
0.2711
0.0000
0.1726
0.2214
0.9996
0.3052
0.2776
0.5531
0.5677
0.2002
0.8632
0.2968
0.7107
0.0770
0.3584
0.5658
0.0000
0.6277
0.5677
0.4572
0.0000
0.0000
0.3468
0.0000
0.2001
0.0000
0.5337
0.4971
0.0000
0.0000
0.8094
0.7380
0.0000
0.0000
0.0000
0.0000
0.0000
0.0000
0.4513
0.0000
0.6498
0.5322
0.0000
0.0000
0.9998
0.5803
0.5571
0.1935
0.0000
0.7673
0.3765
0.5581
0.0000
0.4069
0.8783
0.0000
0.0000
0.3647
0.3263
0.0000
0.5522
0.4876
0.4765
0.0000
0.0000
0.4616
0.0000
0.0000
0.3914
0.1893
0.4676
0.0000
0.6660
0.0000
0.2065
0.3865
0.1402
0.2458
0.3845
0.4339
0.0503
0.8585
0.0000
0.2990
0.0000
0.0000
0.0000
0.3434
0.8262
0.7226
0.0000
0.0000
0.0043
0.0000
0.8171
0.5976
0.0000
0.0000
0.0000
0.4411
0.2681
0.0000
0.0000
0.0000
0.9185
0.9386
0.5730
0.8494
0.0000
0.0000
0.4478
0.0565
0.7888
0.2106
0.6730
0.9997
0.0000
0.6069
0.6110
0.7778
0.0000
0.1399
0.3864
0.0000
0.0000
0.2484
0.3738
0.4160
0.0000
0.3776
0.7345
0.0000
0.0919
0.4173
0.3763
0.3963
0.0000
0.0000
0.4528
0.4823
0.2419
0.3392
0.2793
0.0000
0.8373
0.4078
0.1782
0.4359
0.8646
0.2707
0.6722
0.3484
0.8224
0.6218
0.7586
0.6335
0.4130
0.0000
0.0000
0.5761
0.9990
0.3416
0.6736
0.0000
0.5095
0.0000
0.4065
0.0000
0.0000
0.7382
0.6460
0.0000
0.0000
0.1892
0.2150
0.7128
0.1515
0.5286
0.5976
0.0000
0.0000
0.6759
0.0000
0.5529
0.0000
0.0000
0.4080
0.3963
0.0000
0.4604
0.7782
0.0000
0.1615
0.7022
0.3537
0.0938
0.5708
0.6130
0.5055
0.5990
0.0000
0.2619
0.0000
0.4193
0.1732
0.3352
0.6719
0.3801
0.7680
0.0000
0.4798
0.8964
0.0000
0.7574
0.5061
0.2746
0.5169
0.0000
0.4989
0.0000
0.0000
0.3939
0.0000
0.0000
0.0000
0.4467
0.0000
0.9933
0.8078
0.2910
0.7442
0.5398
0.0000
0.4501
0.2867
0.0000
0.0000
0.0000
0.4264
0.4195
0.0000
0.2865
0.1977
0.0000
0.4548
0.5874
0.0000
0.5631
0.4636
0.8342
0.0748
0.0000
0.3311
0.5262
0.0000
0.3938
0.0000
0.0000
0.0000
0.2759
0.4808
0.0000
0.0000
0.0000
0.6987
0.0000
0.0000
0.2654
0.2907
0.5619
0.5474
0.8357
0.8396
0.4208
0.0000
0.0000
0.3081
0.3216
0.0000
0.3708
0.2763
0.0000
0.3269
0.1733
0.1977
0.4101
0.3117
0.5613
0.0000
0.0000
0.2678
0.0000
0.3974
0.3235
0.9999
0.0000
0.0000
0.5312
0.2983
0.7079
0.0000
0.0000
0.0000
0.0000
0.3979
0.0000
0.0000
0.5727
0.0000
0.5730
0.5977
0.0000
0.8266
0.0000
0.1459
0.0000
0.0000
0.0000
0.4664
0.5377
0.2710
0.8465
0.0000
0.0000
0.8318
0.4107
0.0000
0.0000
0.8287
0.0000
0.5543
0.0000
0.1026
0.0084
0.6209
0.7186
0.5719
0.0000
0.0000
0.2063
0.0000
0.8513
0.0000
0.3363
0.0000
0.4825
0.7046
0.0000
0.0000
0.5486
0.6074
0.0000
0.0000
0.0000
0.0000
0.0000
0.1238
0.3420
0.6911
0.3683
0.0000
0.0000
0.0000
0.0000
0.2819
0.8741
0.0000
0.1491
0.7214
0.0000
0.9778
0.3171
0.0000
0.0000
0.4637
0.7940
0.0000
0.5699
0.7684
0.5362
0.9934
0.7007
0.9670
0.2940
0.5858
0.0000
0.5906
0.4546
0.9892
0.0000
0.3129
0.0000
0.2144
0.2531
0.9996
0.3423
0.3577
0.5886
0.6067
0.2877
0.8638
0.3409
0.7732
0.0960
0.4185
0.6400
0.0000
0.6833
0.6150
0.5753
0.0000
0.0000
0.3855
0.0000
0.2282
0.0000
0.5724
0.7449
0.0000
0.0000
0.8256
0.8212
0.0000
0.0000
0.0000
0.0000
0.0000
0.0000
0.5012
0.0000
0.7121
0.7207
0.0000
0.0000
0.9998
0.6369
0.6284
0.2352
0.0000
0.7673
0.4642
0.7134
0.0000
0.5035
0.8956
0.0000
0.0000
0.4363
0.3784
0.0000
0.6155
0.5164
0.5531
0.0000
0.0000
0.5313
0.0000
0.0000
0.4241
0.2345
0.5281
0.0000
0.7476
0.0000
0.2719
0.4722
0.1672
0.3103
0.4673
0.4669
0.0585
0.8963
0.0000
0.3460
0.0000
0.0000
0.0000
0.3896
0.8270
0.7741
0.0000
0.0000
0.0051
0.0000
0.8392
0.6773
0.0000
0.0000
0.0000
0.5804
0.3575
0.0000
0.0000
0.0000
0.9218
0.9550
0.6467
0.8729
0.0000
0.0000
0.4854
0.0914
0.8153
0.2562
0.7397
0.9995
0.0000
0.6350
0.6646
0.8109
0.0000
0.2079
0.4285
0.0000
0.0000
0.2512
0.4339
0.4350
0.0000
0.4766
0.7792
0.0000
0.1115
0.4542
0.3957
0.4510
0.0000
0.0000
0.5023
0.5367
0.3169
0.4154
0.3212
0.0000
0.8870
0.4587
0.2491
0.5135
0.8945
0.3291
0.6728
0.4077
0.8404
0.6904
0.7991
0.7049
0.4840
0.0000
0.0000
0.6152
0.9990
0.4100
0.7161
0.0000
0.5986
0.0000
0.4274
0.0000
0.0000
0.8039
0.6975
0.0000
0.0000
0.2357
0.2593
0.7741
0.2188
0.6165
0.6858
0.0000
0.0000
0.6945
0.0000
0.6335
0.0000
0.0000
0.5005
0.5110
0.0000
0.5078
0.8400
0.0000
0.2598
0.7330
0.4124
0.1395
0.6279
0.6638
0.6144
0.6403
0.0000
0.3359
0.0000
0.4751
0.2725
0.4239
0.7778
0.5415
0.8945
0.0000
0.5417
0.8983
0.0000
0.7574
0.6007
0.3826
0.6188
0.0000
0.5540
0.0000
0.0000
0.4594
0.0000
0.0000
0.0000
0.5450
0.0000
0.9932
0.8095
0.3828
0.8038
0.6083
0.0000
0.5393
0.3429
0.0000
0.0000
0.0000
0.4944
0.5071
0.0000
0.3761
0.2809
0.0000
0.5300
0.6318
0.0000
0.6596
0.6068
0.8748
0.3715
0.0000
0.3896
0.6403
0.0000
0.4789
0.0000
0.0000
0.0000
0.4205
0.5418
0.0000
0.0000
0.0000
0.7621
0.0000
0.0000
0.3801
0.5585
0.6346
0.6662
0.9247
0.8913
0.5685
0.0000
0.0000
0.3996
0.4542
0.0000
0.5751
0.3824
0.0000
0.4206
0.2594
0.3160
0.4858
0.3911
0.6267
0.0000
0.0000
0.3270
0.0000
0.5135
0.4407
0.9999
0.0000
0.0000
0.6456
0.4095
0.7720
0.0000
0.0000
0.0000
0.0000
0.5261
0.0000
0.0000
0.6532
0.0000
0.6634
0.7168
0.0000
0.8831
0.0000
0.3050
0.0000
0.0000
0.0000
0.5647
0.6785
0.3584
0.8709
0.0000
0.0000
0.8788
0.5490
0.0000
0.0000
0.8706
0.0000
0.6348
0.0000
0.3217
0.2141
0.6946
0.8577
0.7577
0.0000
0.0000
0.3496
0.0000
0.8946
0.0000
0.4643
0.0000
0.6295
0.7824
0.0000
0.0000
0.7018
0.6949
0.0000
0.0000
0.0000
0.0000
0.0000
0.4451
0.5377
0.7930
0.5765
0.0000
0.0000
0.0000
0.0000
0.4080
0.8997
0.0000
0.3202
0.8019
0.0000
0.9846
0.5491
0.0000
0.0000
0.5993
0.8638
0.0000
0.7081
0.8524
0.6945
0.9930
0.7985
0.9684
0.5401
0.6925
0.0000
0.7199
0.5999
0.9977
0.0000
0.4880
0.0000
0.4904
0.4226
0.9993
0.5211
0.5177
0.6782
0.7991
0.4717
0.9993
0.5215
0.8623
0.2860
0.5833
0.7858
0.0000
0.7901
0.7130
0.7150
0.0000
0.0000
0.5427
0.0000
0.5063
0.0000
0.7603
0.8295
0.0000
0.0000
0.9157
0.8799
0.0000
0.0000
0.0000
0.0000
0.0000
0.0000
0.7338
0.0000
0.7918
0.8691
0.0000
0.0000
0.9993
0.7287
0.7482
0.4310
0.0000
0.9969
0.4648
0.8409
0.0000
0.7478
0.9265
0.0000
0.0000
0.5837
0.5762
0.0000
0.8182
0.6452
0.6979
0.0000
0.0000
0.6996
0.0000
0.0000
0.5761
0.4163
0.7080
0.0000
0.8713
0.0000
0.4696
0.7437
0.3705
0.5710
0.7076
0.6022
0.2213
0.9279
0.0000
0.5776
0.0000
0.0000
0.0000
0.5692
0.9664
0.8326
0.0000
0.0000
0.4304
0.0000
0.9181
0.8223
0.0000
0.0000
0.0000
0.7889
0.5449
0.0000
0.0000
0.0000
0.9487
0.9675
0.7721
0.9121
0.0000
0.0000
0.6626
0.3780
0.8741
0.4454
0.8285
0.9983
0.0000
0.8002
0.7851
0.8738
0.0000
0.5057
0.6310
0.0000
0.0000
0.5293
0.7034
0.6164
0.0000
0.6783
0.8432
0.0000
0.3496
0.6103
0.6188
0.6620
0.0000
0.0000
0.7139
0.6877
0.5738
0.8468
0.5583
0.0000
0.9044
0.6660
0.5603
0.6619
0.9420
0.4793
0.9997
0.6121
0.8843
0.8203
0.9553
0.8060
0.7074
0.0000
0.0000
0.7465
0.9986
0.6016
0.7965
0.0000
0.7367
0.0000
0.6558
0.0000
0.0000
0.8682
0.8028
0.0000
0.0000
0.4216
0.4381
0.8713
0.4730
0.7651
0.8146
0.0000
0.0000
0.8343
0.0000
0.7425
0.0000
0.0000
0.6481
0.7209
0.0000
0.6889
0.8696
0.0000
0.4069
0.8240
0.5431
0.4382
0.7561
0.7460
0.8140
0.7882
0.0000
0.5250
0.0000
0.6764
0.6359
0.6463
0.8846
0.7362
0.9693
0.0000
0.6939
0.9966
0.0000
0.8366
0.8123
0.5567
0.7681
0.0000
0.7060
0.0000
0.0000
0.6624
0.0000
0.0000
0.0000
0.6602
0.0000
0.9905
0.9023
0.6822
0.8874
0.7312
0.0000
0.7071
0.5307
0.0000
0.0000
0.0000
0.7252
0.7037
0.0000
0.6099
0.4666
0.0000
0.6894
0.8184
0.0000
0.7974
0.7936
0.9467
0.5696
0.0000
0.5628
0.7635
0.0000
0.6069
0.0000
0.0000
0.0000
0.8113
0.6358
0.0000
0.0000
0.0000
0.8157
0.0000
0.0000
0.6038
0.8198
0.7709
0.7596
0.9662
0.9397
0.7201
0.0000
0.0000
0.5561
0.6910
0.0000
0.7992
0.6326
0.0000
0.5731
0.5126
0.6045
0.6909
0.6121
0.7811
0.0000
0.0000
0.5852
0.0000
0.7136
0.6388
0.9999
0.0000
0.0000
0.8078
0.6089
0.8539
0.0000
0.0000
0.0000
0.0000
0.6698
0.0000
0.0000
0.7598
0.0000
0.8144
0.8089
0.0000
0.9158
0.0000
0.4323
0.0000
0.0000
0.0000
0.6884
0.7908
0.5877
0.9076
0.0000
0.0000
0.9137
0.6661
0.0000
0.0000
0.9286
0.0000
0.7257
0.0000
0.4871
0.2515
0.8298
0.8594
0.8292
0.0000
0.0000
0.5368
0.0000
0.9004
0.0000
0.6269
0.0000
0.7478
0.8547
0.0000
0.0000
0.8141
0.7672
0.0000
0.0000
0.0000
0.0000
0.0000
0.5308
0.7206
0.8472
0.7169
0.0000
0.0000
0.0000
0.0000
0.6571
0.9236
0.0000
0.5413
0.8575
0.0000
0.9822
0.6668
0.0000
0.0000
0.6719
0.9144
0.0000
0.7938
0.9125
0.7731
0.9942
0.8596
0.9847
0.6423
0.8034
0.0000
0.7892
0.6502
0.9970
0.0000
0.6849
0.0000
0.6123
0.6044
0.9994
0.6307
0.6066
0.7413
0.8817
0.5999
0.9990
0.6585
0.8930
0.3896
0.6833
0.8368
0.0000
0.8833
0.7879
0.7909
0.0000
0.0000
0.6794
0.0000
0.5749
0.0000
0.8769
0.8557
0.0000
0.0000
0.9480
0.9182
0.0000
0.0000
0.0000
0.0000
0.0000
0.0000
0.7982
0.0000
0.8061
0.9538
0.0000
0.0000
0.9994
0.7866
0.8452
0.5275
0.0000
0.9969
0.5471
0.9118
0.0000
0.8702
0.9453
0.0000
0.0000
0.6487
0.6248
0.0000
0.8892
0.7461
0.7314
0.0000
0.0000
0.7742
0.0000
0.0000
0.6725
0.5236
0.7726
0.0000
0.9554
0.0000
0.5299
0.7827
0.4699
0.6573
0.7928
0.7105
0.3205
0.9772
0.0000
0.6673
0.0000
0.0000
0.0000
0.6201
0.9683
0.8684
0.0000
0.0000
0.4300
0.0000
0.9377
0.9061
0.0000
0.0000
0.0000
0.8196
0.6381
0.0000
0.0000
0.0000
0.9814
0.9787
0.8500
0.9509
0.0000
0.0000
0.7382
0.4719
0.9000
0.5184
0.8777
0.9973
0.0000
0.8635
0.8041
0.9052
0.0000
0.6490
0.6980
0.0000
0.0000
0.5972
0.7626
0.7042
0.0000
0.7807
0.8928
0.0000
0.4440
0.6592
0.7103
0.7760
0.0000
0.0000
0.8147
0.7735
0.6707
0.9210
0.6291
0.0000
0.9525
0.7287
0.6435
0.7981
0.9618
0.5662
0.9997
0.7608
0.9248
0.8749
0.9773
0.9247
0.8015
0.0000
0.0000
0.8215
0.9990
0.7026
0.8426
0.0000
0.7969
0.0000
0.7364
0.0000
0.0000
0.8678
0.8445
0.0000
0.0000
0.5029
0.5207
0.9062
0.6034
0.8195
0.8782
0.0000
0.0000
0.8956
0.0000
0.8800
0.0000
0.0000
0.6856
0.7988
0.0000
0.7177
0.9336
0.0000
0.4888
0.8534
0.6414
0.5025
0.8253
0.8115
0.8819
0.8008
0.0000
0.6005
0.0000
0.7544
0.6903
0.7561
0.8589
0.7671
0.9698
0.0000
0.7549
0.9982
0.0000
0.8733
0.8629
0.6317
0.8299
0.0000
0.7527
0.0000
0.0000
0.7202
0.0000
0.0000
0.0000
0.7339
0.0000
0.9901
0.9880
0.7615
0.9256
0.7907
0.0000
0.7634
0.5961
0.0000
0.0000
0.0000
0.8010
0.7971
0.0000
0.7161
0.5496
0.0000
0.7909
0.8572
0.0000
0.8598
0.8306
0.9705
0.6022
0.0000
0.5919
0.7808
0.0000
0.6607
0.0000
0.0000
0.0000
0.8301
0.7222
0.0000
0.0000
0.0000
0.8613
0.0000
0.0000
0.6901
0.8458
0.8458
0.8110
0.9799
0.9618
0.7804
0.0000
0.0000
0.6733
0.7602
0.0000
0.8745
0.6941
0.0000
0.6625
0.6388
0.6638
0.7982
0.6689
0.8305
0.0000
0.0000
0.6299
0.0000
0.7781
0.7362
0.9999
0.0000
0.0000
0.8655
0.6860
0.9027
0.0000
0.0000
0.0000
0.0000
0.7939
0.0000
0.0000
0.8335
0.0000
0.9022
0.8537
0.0000
0.9389
0.0000
0.5107
0.0000
0.0000
0.0000
0.7545
0.8236
0.6629
0.9273
0.0000
0.0000
0.9287
0.7146
0.0000
0.0000
0.9422
0.0000
0.7857
0.0000
0.6012
0.2932
0.8864
0.8595
0.9137
0.0000
0.0000
0.6413
0.0000
0.9261
0.0000
0.6645
0.0000
0.7826
0.9025
0.0000
0.0000
0.8371
0.7990
0.0000
0.0000
0.0000
0.0000
0.0000
0.5266
0.8113
0.8602
0.8287
0.0000
0.0000
0.0000
0.0000
0.7015
0.9399
0.0000
0.5930
0.8963
0.0000
0.9895
0.7512
0.0000
0.0000
0.7155
0.9642
0.0000
0.8497
0.9176
0.8105
0.9959
0.9064
0.9903
0.6240
0.8129
0.0000
0.8271
0.6257
0.9963
0.0000
0.7554
0.0000
0.6475
0.6937
0.9993
0.7059
0.6501
0.7844
0.9142
0.6555
0.9992
0.6976
0.9175
0.4627
0.7390
0.8868
0.0000
0.9304
0.8464
0.8684
0.0000
0.0000
0.7769
0.0000
0.5967
0.0000
0.9336
0.9596
0.0000
0.0000
0.9578
0.9458
0.0000
0.0000
0.0000
0.0000
0.0000
0.0000
0.8461
0.0000
0.8619
0.9781
0.0000
0.0000
0.9996
0.8575
0.9040
0.5648
0.0000
0.9962
0.6374
0.9371
0.0000
0.9003
0.9812
0.0000
0.0000
0.7353
0.6776
0.0000
0.9172
0.7899
0.7996
0.0000
0.0000
0.8292
0.0000
0.0000
0.7355
0.5746
0.8209
0.0000
0.9782
0.0000
0.4694
0.8019
0.5154
0.6840
0.8113
0.7636
0.3941
0.9960
0.0000
0.6912
0.0000
0.0000
0.0000
0.6886
0.9687
0.9058
0.0000
0.0000
0.2883
0.0000
0.9396
0.9450
0.0000
0.0000
0.0000
0.8521
0.7230
0.0000
0.0000
0.0000
0.9915
0.9906
0.8883
0.9645
0.0000
0.0000
0.7654
0.4414
0.9209
0.5194
0.9328
0.9980
0.0000
0.8974
0.8569
0.9429
0.0000
0.7391
0.7678
0.0000
0.0000
0.6069
0.7935
0.8104
0.0000
0.8486
0.9176
0.0000
0.4770
0.7421
0.7483
0.8450
0.0000
0.0000
0.9153
0.8041
0.7278
0.9199
0.7040
0.0000
0.9774
0.7693
0.6428
0.8531
0.9785
0.6232
0.9992
0.8170
0.9463
0.8999
0.9775
0.9352
0.8214
0.0000
0.0000
0.8688
0.9993
0.7413
0.8746
0.0000
0.8848
0.0000
0.7627
0.0000
0.0000
0.8672
0.8720
0.0000
0.0000
0.5393
0.5979
0.9238
0.6189
0.8642
0.8817
0.0000
0.0000
0.9182
0.0000
0.8936
0.0000
0.0000
0.7111
0.8349
0.0000
0.7794
0.9342
0.0000
0.4785
0.8472
0.6782
0.4382
0.8523
0.8764
0.8938
0.8452
0.0000
0.6487
0.0000
0.7787
0.6981
0.7737
0.8968
0.8312
0.9959
0.0000
0.7841
0.9974
0.0000
0.9171
0.8633
0.7396
0.9205
0.0000
0.7951
0.0000
0.0000
0.7549
0.0000
0.0000
0.0000
0.7776
0.0000
0.9951
0.9962
0.7791
0.9446
0.8292
0.0000
0.7854
0.6386
0.0000
0.0000
0.0000
0.8442
0.8218
0.0000
0.7826
0.5682
0.0000
0.8322
0.8398
0.0000
0.8886
0.8382
0.9782
0.5032
0.0000
0.5918
0.8349
0.0000
0.7279
0.0000
0.0000
0.0000
0.7444
0.7803
0.0000
0.0000
0.0000
0.8891
0.0000
0.0000
0.7407
0.8675
0.8905
0.8294
0.9847
0.9715
0.8092
0.0000
0.0000
0.6199
0.8474
0.0000
0.9033
0.7361
0.0000
0.7275
0.7184
0.7403
0.8397
0.7111
0.9022
0.0000
0.0000
0.5680
0.0000
0.7306
0.7737
0.9999
0.0000
0.0000
0.8656
0.7188
0.9238
0.0000
0.0000
0.0000
0.0000
0.8458
0.0000
0.0000
0.8438
0.0000
0.8755
0.8603
0.0000
0.9439
0.0000
0.5021
0.0000
0.0000
0.0000
0.7873
0.8428
0.6799
0.9509
0.0000
0.0000
0.9523
0.7560
0.0000
0.0000
0.9760
0.0000
0.8284
0.0000
0.6102
0.2556
0.9109
0.8600
0.9339
0.0000
0.0000
0.7520
0.0000
0.9364
0.0000
0.7202
0.0000
0.7851
0.9159
0.0000
0.0000
0.8388
0.8596
0.0000
0.0000
0.0000
0.0000
0.0000
0.4459
0.7765
0.8991
0.8472
0.0000
0.0000
0.0000
0.0000
0.7006
0.9721
0.0000
0.5200
0.9285
0.0000
0.9892
0.7547
0.0000
0.0000
0.7379
0.9798
0.0000
0.8868
0.9333
0.8230
0.9954
0.9274
0.9907
0.5911
0.8301
0.0000
0.8244
0.6338
0.9970
0.0000
0.7418
0.0000
0.6817
0.6896
0.9990
0.7136
0.6691
0.8265
0.9189
0.6483
0.9995
0.7351
0.9298
0.4610
0.7741
0.9014
0.0000
0.9611
0.8580
0.9068
0.0000
0.0000
0.8370
0.0000
0.6045
0.0000
0.9185
0.9942
0.0000
0.0000
0.9621
0.9618
0.0000
0.0000
0.0000
0.0000
0.0000
0.0000
0.9312
0.0000
0.8800
0.9748
0.0000
0.0000
0.9991
0.8712
0.9409
0.5507
0.0000
0.9964
0.4630
0.9437
0.0000
0.9307
0.9894
0.0000
0.0000
0.7746
0.6757
0.0000
0.9297
0.7485
0.8482
0.0000
0.0000
0.8434
0.0000
0.0000
0.7307
0.6004
0.8141
0.0000
0.9739
0.0000
0.4022
0.7963
0.4875
0.6580
0.8415
0.7994
0.2156
0.9962
0.0000
0.6874
0.0000
0.0000
0.0000
0.6784
0.9680
0.9177
0.0000
0.0000
0.2886
0.0000
0.9324
0.9679
0.0000
0.0000
0.0000
0.7883
0.7766
0.0000
0.0000
0.0000
0.9943
0.9950
0.9484
0.9814
0.0000
0.0000
0.7369
0.3854
0.9386
0.5224
0.9487
0.9985
0.0000
0.9035
0.9032
0.9631
0.0000
0.6967
0.7837
0.0000
0.0000
0.6599
0.8158
0.8330
0.0000
0.8796
0.9384
0.0000
0.4601
0.7288
0.7369
0.8614
0.0000
0.0000
0.9626
0.8043
0.7778
0.8760
0.7178
0.0000
0.9791
0.7679
0.6554
0.9046
0.9909
0.6564
0.9993
0.8652
0.9689
0.9021
0.9865
0.9545
0.8395
0.0000
0.0000
0.9190
0.9993
0.7865
0.9342
0.0000
0.9256
0.0000
0.7439
0.0000
0.0000
0.8675
0.9116
0.0000
0.0000
0.5716
0.5948
0.9437
0.6051
0.9014
0.9189
0.0000
0.0000
0.9007
0.0000
0.8727
0.0000
0.0000
0.6721
0.8477
0.0000
0.7954
0.9036
0.0000
0.4182
0.8230
0.7244
0.3189
0.8600
0.9025
0.8998
0.8393
0.0000
0.7182
0.0000
0.8519
0.7062
0.8063
0.9106
0.7935
0.9977
0.0000
0.7698
0.9988
0.0000
0.8385
0.8714
0.7375
0.9581
0.0000
0.7971
0.0000
0.0000
0.7398
0.0000
0.0000
0.0000
0.7926
0.0000
0.9978
0.9976
0.7859
0.9609
0.8969
0.0000
0.8143
0.5948
0.0000
0.0000
0.0000
0.8426
0.8352
0.0000
0.7940
0.5210
0.0000
0.8589
0.8407
0.0000
0.8971
0.8910
0.9925
0.3893
0.0000
0.6770
0.8197
0.0000
0.7525
0.0000
0.0000
0.0000
0.7756
0.7746
0.0000
0.0000
0.0000
0.9080
0.0000
0.0000
0.8023
0.8751
0.9234
0.8459
0.9842
0.9762
0.8041
0.0000
0.0000
0.6448
0.9146
0.0000
0.9113
0.7589
0.0000
0.7226
0.6975
0.7277
0.8869
0.7231
0.9105
0.0000
0.0000
0.5795
0.0000
0.7347
0.7719
1.0000
0.0000
0.0000
0.8896
0.7493
0.9527
0.0000
0.0000
0.0000
0.0000
0.8684
0.0000
0.0000
0.8721
0.0000
0.8767
0.8728
0.0000
0.9753
0.0000
0.4344
0.0000
0.0000
0.0000
0.7925
0.8302
0.6977
0.9754
0.0000
0.0000
0.9565
0.7555
0.0000
0.0000
0.9776
0.0000
0.8626
0.0000
0.6809
0.2153
0.9184
0.9923
0.9473
0.0000
0.0000
0.7565
0.0000
0.9630
0.0000
0.7292
0.0000
0.7755
0.9337
0.0000
0.0000
0.8248
0.8805
0.0000
0.0000
0.0000
0.0000
0.0000
0.4119
0.8272
0.9339
0.8780
0.0000
0.0000
0.0000
0.0000
0.6951
0.9797
0.0000
0.4442
0.9556
0.0000
0.9925
0.7292
0.0000
0.0000
0.7507
0.9838
0.0000
0.8959
0.9630
0.8414
0.9981
0.9160
0.9944
0.6118
0.8610
0.0000
0.8307
0.6799
0.9991
0.0000
0.7685
0.0000
0.6666
0.7057
0.9995
0.7996
0.7141
0.8648
0.9333
0.6892
0.9995
0.7965
0.9642
0.5051
0.7865
0.9047
0.0000
0.9721
0.8833
0.9606
0.0000
0.0000
0.8722
0.0000
0.6429
0.0000
0.9426
0.9981
0.0000
0.0000
0.9688
0.9726
0.0000
0.0000
0.0000
0.0000
0.0000
0.0000
0.9531
0.0000
0.8835
0.9659
0.0000
0.0000
0.9998
0.9035
0.9488
0.6075
0.0000
0.9974
0.4623
0.9430
0.0000
0.9297
0.9970
0.0000
0.0000
0.7900
0.6580
0.0000
0.9288
0.7621
0.8550
0.0000
0.0000
0.8931
0.0000
0.0000
0.7587
0.6623
0.8550
0.0000
0.9956
0.0000
0.2708
0.8188
0.5332
0.6489
0.8750
0.8510
0.2342
0.9982
0.0000
0.6914
0.0000
0.0000
0.0000
0.7097
0.9690
0.9255
0.0000
0.0000
0.2882
0.0000
0.9754
0.9737
0.0000
0.0000
0.0000
0.8578
0.8505
0.0000
0.0000
0.0000
0.9961
0.9972
0.9726
0.9912
0.0000
0.0000
0.7594
0.4596
0.9560
0.6445
0.9641
0.9990
0.0000
0.9198
0.9070
0.9585
0.0000
0.7890
0.8342
0.0000
0.0000
0.6572
0.8464
0.8447
0.0000
0.9158
0.9405
0.0000
0.5376
0.7773
0.7783
0.8831
0.0000
0.0000
0.9677
0.8028
0.8389
0.9155
0.7746
0.0000
0.9859
0.8199
0.7763
0.9305
0.9943
0.7579
0.9991
0.9098
0.9758
0.9362
0.9987
0.9537
0.8986
0.0000
0.0000
0.9652
0.9993
0.8295
0.9446
0.0000
0.9417
0.0000
0.8049
0.0000
0.0000
0.8679
0.9382
0.0000
0.0000
0.6608
0.7574
0.9656
0.6851
0.9240
0.9509
0.0000
0.0000
0.9232
0.0000
0.9267
0.0000
0.0000
0.7626
0.9017
0.0000
0.8199
0.9172
0.0000
0.5547
0.8451
0.8525
0.4239
0.8992
0.9245
0.9352
0.8637
0.0000
0.7346
0.0000
0.8885
0.7794
0.8252
0.9149
0.8510
0.9984
0.0000
0.8116
0.9992
0.0000
0.9557
0.8843
0.8256
0.9673
0.0000
0.8459
0.0000
0.0000
0.8229
0.0000
0.0000
0.0000
0.8091
0.0000
0.9987
0.9978
0.8450
0.9764
0.9146
0.0000
0.8285
0.6629
0.0000
0.0000
0.0000
0.8981
0.8449
0.0000
0.8616
0.6085
0.0000
0.8734
0.9354
0.0000
0.9229
0.9528
0.9981
0.4522
0.0000
0.7368
0.8595
0.0000
0.7905
0.0000
0.0000
0.0000
0.7571
0.8016
0.0000
0.0000
0.0000
0.9300
0.0000
0.0000
0.8811
0.9747
0.9571
0.8555
0.9864
0.9830
0.8377
0.0000
0.0000
0.7393
0.9370
0.0000
0.9276
0.8457
0.0000
0.7568
0.7736
0.8292
0.9342
0.7935
0.9368
0.0000
0.0000
0.6585
0.0000
0.7618
0.8524
1.0000
0.0000
0.0000
0.9207
0.7755
0.9708
0.0000
0.0000
0.0000
0.0000
0.9105
0.0000
0.0000
0.8890
0.0000
0.9363
0.9072
0.0000
0.9864
0.0000
0.5480
0.0000
0.0000
0.0000
0.8204
0.8841
0.7973
0.9906
0.0000
0.0000
0.9702
0.8118
0.0000
0.0000
0.9842
0.0000
0.8629
0.0000
0.8253
0.3693
0.9371
0.9994
0.9625
0.0000
0.0000
0.8406
0.0000
0.9738
0.0000
0.8278
0.0000
0.7853
0.9466
0.0000
0.0000
0.8383
0.9037
0.0000
0.0000
0.0000
0.0000
0.0000
0.5269
0.9067
0.9536
0.8958
0.0000
0.0000
0.0000
0.0000
0.7807
0.9829
0.0000
0.5159
0.9782
0.0000
0.9939
0.7912
0.0000
0.0000
0.8035
0.9877
0.0000
0.9321
0.9785
0.9145
0.9984
0.9319
0.9967
0.7496
0.8834
0.0000
0.8666
0.7577
0.9994
0.0000
0.8326
0.0000
0.7435
0.7703
0.9996
0.8485
0.7929
0.9039
0.9484
0.7644
0.9996
0.8382
0.9688
0.5395
0.8283
0.9291
0.0000
0.9810
0.9168
0.9845
0.0000
0.0000
0.9116
0.0000
0.6824
0.0000
0.9757
0.9986
0.0000
0.0000
0.9772
0.9819
0.0000
0.0000
0.0000
0.0000
0.0000
0.0000
0.9802
0.0000
0.8806
0.9967
0.0000
0.0000
0.9998
0.9260
0.9567
0.6983
0.0000
0.9976
0.6322
0.9659
0.0000
0.9511
0.9985
0.0000
0.0000
0.7922
0.7166
0.0000
0.9298
0.8361
0.9069
0.0000
0.0000
0.9482
0.0000
0.0000
0.8150
0.7856
0.9339
0.0000
0.9985
0.0000
0.2711
0.8968
0.6487
0.7136
0.9371
0.8902
0.4088
0.9986
0.0000
0.7534
0.0000
0.0000
0.0000
0.7914
0.9692
0.9298
0.0000
0.0000
0.2876
0.0000
0.9865
0.9811
0.0000
0.0000
0.0000
0.8581
0.9084
0.0000
0.0000
0.0000
0.9972
0.9965
0.9823
0.9935
0.0000
0.0000
0.8350
0.5761
0.9748
0.7800
0.9749
0.9991
0.0000
0.9192
0.9216
0.9678
0.0000
0.8463
0.8827
0.0000
0.0000
0.8620
0.9044
0.8928
0.0000
0.9701
0.9510
0.0000
0.6565
0.8352
0.7923
0.8559
0.0000
0.0000
0.9968
0.8602
0.8485
0.9858
0.7740
0.0000
0.9877
0.8690
0.8982
0.9458
0.9938
0.7745
0.9989
0.9441
0.9716
0.9655
0.9990
0.9647
0.9405
0.0000
0.0000
0.9815
0.9993
0.9154
0.9410
0.0000
0.9519
0.0000
0.8879
0.0000
0.0000
0.9335
0.9628
0.0000
0.0000
0.7668
0.8532
0.9873
0.7846
0.9467
0.9780
0.0000
0.0000
0.9216
0.0000
0.9533
0.0000
0.0000
0.8310
0.9354
0.0000
0.8047
0.9355
0.0000
0.7689
0.8909
0.9136
0.6128
0.9192
0.9204
0.9583
0.8943
0.0000
0.8070
0.0000
0.9106
0.8272
0.8918
0.9522
0.9168
0.9987
0.0000
0.8380
0.9994
0.0000
0.9977
0.8860
0.9245
0.9587
0.0000
0.8852
0.0000
0.0000
0.9255
0.0000
0.0000
0.0000
0.8274
0.0000
0.9990
0.9981
0.8797
0.9795
0.9395
0.0000
0.9048
0.7577
0.0000
0.0000
0.0000
0.9210
0.8555
0.0000
0.8897
0.7060
0.0000
0.8916
0.9609
0.0000
0.9458
0.9703
0.9988
0.5991
0.0000
0.7934
0.8539
0.0000
0.8422
0.0000
0.0000
0.0000
0.8814
0.8501
0.0000
0.0000
0.0000
0.9479
0.0000
0.0000
0.9509
0.9828
0.9672
0.8876
0.9915
0.9844
0.8893
0.0000
0.0000
0.8570
0.9387
0.0000
0.9410
0.9008
0.0000
0.8210
0.7294
0.8926
0.9434
0.8276
0.9860
0.0000
0.0000
0.7453
0.0000
0.8421
0.9116
1.0000
0.0000
0.0000
0.9367
0.8382
0.9815
0.0000
0.0000
0.0000
0.0000
0.9624
0.0000
0.0000
0.9283
0.0000
0.9681
0.9379
0.0000
0.9928
0.0000
0.6279
0.0000
0.0000
0.0000
0.8668
0.9336
0.8836
0.9912
0.0000
0.0000
0.9692
0.8645
0.0000
0.0000
0.9859
0.0000
0.8868
0.0000
0.8487
0.4906
0.9530
0.9223
0.9532
0.0000
0.0000
0.8223
0.0000
0.9798
0.0000
0.8725
0.0000
0.8216
0.9602
0.0000
0.0000
0.8849
0.9056
0.0000
0.0000
0.0000
0.0000
0.0000
0.5872
0.9398
0.9667
0.9200
0.0000
0.0000
0.0000
0.0000
0.7897
0.9726
0.0000
0.6292
0.9779
0.0000
0.9946
0.8663
0.0000
0.0000
0.8259
0.9890
0.0000
0.9155
0.9775
0.9425
0.9986
0.9417
0.9977
0.8219
0.9177
0.0000
0.8448
0.7880
0.9995
0.0000
0.8871
0.0000
0.8369
0.8354
0.9996
0.8892
0.8214
0.8937
0.9647
0.7781
0.9996
0.8675
0.9655
0.6370
0.8553
0.9468
0.0000
0.9785
0.9056
0.9949
0.0000
0.0000
0.9323
0.0000
0.7222
0.0000
0.9892
0.9990
0.0000
0.0000
0.9882
0.9854
0.0000
0.0000
0.0000
0.0000
0.0000
0.0000
0.9746
0.0000
0.8934
0.9980
0.0000
0.0000
0.9999
0.9218
0.9394
0.7654
0.0000
0.9982
0.8184
0.9761
0.0000
0.9550
0.9989
0.0000
0.0000
0.8043
0.7563
0.0000
0.9369
0.8491
0.9262
0.0000
0.0000
0.9591
0.0000
0.0000
0.8730
0.8561
0.9415
0.0000
0.9988
0.0000
0.2707
0.8945
0.6863
0.8023
0.9146
0.8953
0.4009
0.9988
0.0000
0.8078
0.0000
0.0000
0.0000
0.8624
0.9700
0.9422
0.0000
0.0000
0.2871
0.0000
0.9928
0.9841
0.0000
0.0000
0.0000
0.9273
0.9120
0.0000
0.0000
0.0000
0.9979
0.9980
0.9769
0.9876
0.0000
0.0000
0.8430
0.5839
0.9757
0.8610
0.9813
0.9992
0.0000
0.9278
0.9104
0.9676
0.0000
0.9005
0.8778
0.0000
0.0000
0.8887
0.9429
0.8759
0.0000
0.9677
0.9465
0.0000
0.7956
0.8829
0.8185
0.8760
0.0000
0.0000
0.9974
0.8805
0.8767
0.9951
0.7880
0.0000
0.9922
0.9011
0.9561
0.9526
0.9892
0.8198
0.9988
0.9736
0.9711
0.9628
0.9992
0.9791
0.9474
0.0000
0.0000
0.9866
0.9993
0.9049
0.9520
0.0000
0.9363
0.0000
0.9054
0.0000
0.0000
0.9902
0.9544
0.0000
0.0000
0.7734
0.9112
0.9954
0.7861
0.9429
0.9796
0.0000
0.0000
0.9335
0.0000
0.9633
0.0000
0.0000
0.8360
0.9345
0.0000
0.8476
0.9354
0.0000
0.8580
0.8944
0.9425
0.6505
0.9422
0.9330
0.9526
0.8821
0.0000
0.8092
0.0000
0.9154
0.8694
0.9352
0.9787
0.9307
0.9988
0.0000
0.8605
0.9995
0.0000
0.9983
0.9047
0.9159
0.9640
0.0000
0.8706
0.0000
0.0000
0.9449
0.0000
0.0000
0.0000
0.8236
0.0000
0.9991
0.9982
0.8954
0.9885
0.9323
0.0000
0.8869
0.8041
0.0000
0.0000
0.0000
0.9414
0.8718
0.0000
0.9021
0.7998
0.0000
0.8636
0.9698
0.0000
0.9287
0.9681
0.9988
0.6911
0.0000
0.8480
0.8775
0.0000
0.8216
0.0000
0.0000
0.0000
0.8442
0.8323
0.0000
0.0000
0.0000
0.9536
0.0000
0.0000
0.9419
0.9861
0.9580
0.8784
0.9880
0.9857
0.9148
0.0000
0.0000
0.9042
0.9196
0.0000
0.9716
0.8633
0.0000
0.8779
0.7949
0.9267
0.9486
0.8606
0.9790
0.0000
0.0000
0.8053
0.0000
0.8033
0.9123
1.0000
0.0000
0.0000
0.9298
0.8255
0.9737
0.0000
0.0000
0.0000
0.0000
0.9352
0.0000
0.0000
0.9157
0.0000
0.9815
0.9409
0.0000
0.9983
0.0000
0.7114
0.0000
0.0000
0.0000
0.8498
0.9831
0.9104
0.9904
0.0000
0.0000
0.9777
0.8564
0.0000
0.0000
0.9862
0.0000
0.8791
0.0000
0.8467
0.5174
0.9395
0.9972
0.9663
0.0000
0.0000
0.8491
0.0000
0.9823
0.0000
0.9094
0.0000
0.7821
0.9571
0.0000
0.0000
0.8572
0.9279
0.0000
0.0000
0.0000
0.0000
0.0000
0.6154
0.9518
0.9722
0.8912
0.0000
0.0000
0.0000
0.0000
0.8244
0.9794
0.0000
0.5236
0.9830
0.0000
0.9952
0.8921
0.0000
0.0000
0.8145
0.9897
0.0000
0.9270
0.9754
0.9354
0.9987
0.9519
0.9982
0.8372
0.9076
0.0000
0.8813
0.8219
0.9994
0.0000
0.8452
0.0000
0.8026
0.8219
0.9997
0.8867
0.8489
0.9192
0.9594
0.8091
0.9996
0.8479
0.9743
0.7179
0.8486
0.9351
0.0000
0.9858
0.9221
0.9964
0.0000
0.0000
0.9078
0.0000
0.6904
0.0000
0.9701
0.9991
0.0000
0.0000
0.9870
0.9853
0.0000
0.0000
0.0000
0.0000
0.0000
0.0000
0.9687
0.0000
0.8933
0.9985
0.0000
0.0000
0.9999
0.9403
0.9520
0.7464
0.0000
0.9984
0.9036
0.9793
0.0000
0.9562
0.9990
0.0000
0.0000
0.8268
0.7362
0.0000
0.9163
0.8750
0.9076
0.0000
0.0000
0.9660
0.0000
0.0000
0.8338
0.8934
0.9536
0.0000
0.9984
0.0000
0.2695
0.9211
0.7355
0.7825
0.9414
0.9231
0.5280
0.9989
0.0000
0.7968
0.0000
0.0000
0.0000
0.8594
0.9825
0.9406
0.0000
0.0000
0.2746
0.0000
0.9941
0.9916
0.0000
0.0000
0.0000
0.9275
0.9410
0.0000
0.0000
0.0000
0.9987
0.9970
0.9833
0.9937
0.0000
0.0000
0.8672
0.6994
0.9792
0.8610
0.9838
0.9988
0.0000
0.9272
0.9318
0.9697
0.0000
0.8893
0.9037
0.0000
0.0000
0.8171
0.9452
0.9103
0.0000
0.9835
0.9578
0.0000
0.8017
0.9078
0.7902
0.8714
0.0000
0.0000
0.9973
0.8745
0.8561
0.9902
0.7685
0.0000
0.9885
0.8891
0.9681
0.9668
0.9922
0.8220
0.9989
0.9671
0.9721
0.9768
0.9994
0.9943
0.9457
0.0000
0.0000
0.9921
0.9993
0.9341
0.9513
0.0000
0.9643
0.0000
0.8817
0.0000
0.0000
0.9986
0.9717
0.0000
0.0000
0.8244
0.9225
0.9905
0.8630
0.9660
0.9892
0.0000
0.0000
0.9262
0.0000
0.9746
0.0000
0.0000
0.8880
0.9527
0.0000
0.8416
0.9486
0.0000
0.9502
0.9206
0.9402
0.7161
0.9386
0.9363
0.9627
0.8655
0.0000
0.8411
0.0000
0.9339
0.8567
0.9022
