0.6924
0.6908
0.6892
0.6876
0.6861
0.6845
0.6829
0.6814
0.6798
0.6782
0.6767
0.6751
0.6743
0.6736
0.6720
0.6705
0.6689
0.6674
0.6659
0.6644
0.6628
0.6613
0.6598
0.6583
0.6568
0.6560
0.6553
0.6537
0.6522
0.6507
0.6492
0.6477
0.6462
0.6448
0.6433
0.6418
0.6404
0.6389
0.6382
0.6374
0.6359
0.6345
0.6330
0.6315
0.6301
0.6287
0.6272
0.6258
0.6244
0.6229
0.6215
0.6216
0.6200
0.6186
0.6172
0.6158
0.6143
0.6129
0.6115
0.6101
0.6087
0.6073
0.6060
0.6046
0.6046
0.6032
0.6017
0.6003
0.5989
0.5977
0.5962
0.5949
0.5935
0.5922
0.5907
0.5894
0.5879
0.5872
0.5866
0.5853
0.5840
0.5825
0.5812
0.5799
0.5785
0.5774
0.5759
0.5746
0.5731
0.5719
0.5715
0.5705
0.5691
0.5679
0.5667
0.5653
0.5639
0.5627
0.5613
0.5600
0.5587
0.5574
0.5563
0.5556
0.5548
0.5535
0.5523
0.5509
0.5497
0.5484
0.5474
0.5458
0.5446
0.5433
0.5420
0.5409
0.5404
0.5394
0.5383
0.5369
0.5357
0.5345
0.5333
0.5321
0.5308
0.5296
0.5283
0.5271
0.5258
0.5260
0.5248
0.5233
0.5222
0.5208
0.5196
0.5185
0.5170
0.5160
0.5147
0.5135
0.5125
0.5112
0.5100
0.5098
0.5088
0.5074
0.5063
0.5053
0.5039
0.5029
0.5017
0.5006
0.4993
0.4981
0.4967
0.4962
0.4956
0.4945
0.4935
0.4920
0.4913
0.4898
0.4886
0.4876
0.4863
0.4853
0.4841
0.4830
0.4826
0.4818
0.4809
0.4796
0.4782
0.4775
0.4762
0.4749
0.4736
0.4727
0.4714
0.4705
0.4691
0.4691
0.4681
0.4672
0.4658
0.4650
0.4639
0.4625
0.4615
0.4605
0.4595
0.4580
0.4572
0.4560
0.4556
0.4548
0.4538
0.4529
0.4518
0.4506
0.4495
0.4484
0.4473
0.4464
0.4451
0.4442
0.4430
0.4420
0.4419
0.4410
0.4399
0.4387
0.4376
0.4368
0.4355
0.4347
0.4337
0.4322
0.4314
0.4308
0.4288
0.4295
0.4285
0.4273
0.4262
0.4253
0.4242
0.4231
0.4224
0.4210
0.4199
0.4191
0.4180
0.4176
0.4169
0.4162
0.4151
0.4139
0.4128
0.4120
0.4111
0.4098
0.4088
0.4082
0.4073
0.4062
0.4078
0.4048
0.4039
0.4032
0.4021
0.4010
0.4003
0.3991
0.3985
0.3972
0.3963
0.3950
0.3943
0.3930
0.3935
0.3924
0.3912
0.3903
0.3898
0.3884
0.3877
0.3869
0.3856
0.3846
0.3836
0.3829
0.3823
0.3816
0.3812
0.3798
0.3792
0.3780
0.3773
0.3764
0.3759
0.3743
0.3737
0.3725
0.3717
0.3709
0.3709
0.3699
0.3688
0.3680
0.3671
0.3668
0.3648
0.3643
0.3633
0.3629
0.3621
0.3608
0.3598
0.3598
0.3587
0.3581
0.3568
0.3563
0.3558
0.3548
0.3536
0.3531
0.3525
0.3511
0.3504
0.3489
0.3494
0.3487
0.3475
0.3471
0.3458
0.3449
0.3443
0.3434
0.3422
0.3411
0.3408
0.3406
0.3379
0.3391
0.3382
0.3370
0.3370
0.3359
0.3351
0.3339
0.3329
0.3326
0.3317
0.3310
0.3297
0.3285
0.3287
0.3279
0.3274
0.3270
0.3257
0.3250
0.3242
0.3235
0.3233
0.3215
0.3214
0.3198
0.3193
0.3194
0.3190
0.3177
0.3167
0.3160
0.3154
0.3142
0.3135
0.3133
0.3122
0.3119
0.3105
0.3129
0.3099
0.3094
0.3079
0.3074
0.3066
0.3066
0.3052
0.3045
0.3032
0.3031
0.3022
0.3014
0.3002
0.3009
0.2997
0.2994
0.2985
0.2974
0.2968
0.2962
0.2953
0.2951
0.2934
0.2929
0.2926
0.2912
0.2922
0.2908
0.2901
0.2895
0.2890
0.2881
0.2870
