0.4560
0.4588
0.4765
0.4857
0.4873
0.5520
0.5598
0.5100
0.5707
0.5865
0.5022
0.4983
0.5757
0.6230
0.6078
0.5101
0.5890
0.5686
0.5414
0.5655
0.5713
0.6161
0.5608
0.5425
0.6064
0.6056
0.5429
0.5874
0.6121
0.6370
0.6849
0.6210
0.5473
0.5824
0.6193
0.6274
0.6747
0.6620
0.6116
0.6551
0.6326
0.6193
0.6509
0.6979
0.6633
0.6962
0.6078
0.6703
0.5860
0.6975
0.5984
0.6387
0.7124
0.6700
0.6431
0.6230
0.6418
0.6771
0.7353
0.5723
0.7052
0.6612
0.6720
0.6287
0.6700
0.7531
0.7072
0.7318
0.7224
0.6694
0.7008
0.6863
0.6657
0.6792
0.6746
0.7233
0.7062
0.7122
0.6773
0.6924
0.7550
0.7322
0.7494
0.7276
0.7635
0.7276
0.6766
0.6088
0.7228
0.6805
0.7520
0.7179
0.6526
0.7797
0.8007
0.6661
0.8049
0.7499
0.7832
0.7290
0.7065
0.7687
0.7795
0.7704
0.7915
0.7056
0.8039
0.7466
0.7139
0.7599
0.7773
0.7577
0.7639
0.7975
0.8602
0.7688
0.7967
0.7731
0.7841
0.8048
0.7443
0.7612
0.7955
0.7552
0.7504
0.6219
0.6843
0.7774
0.8529
0.7648
0.7847
0.7803
0.8058
0.7886
0.7027
0.8116
0.7322
0.7241
0.8456
0.7193
0.8464
0.7764
0.7609
0.8600
0.7601
0.7630
0.7328
0.6328
0.8353
0.7411
0.8379
0.7309
0.8083
0.7650
0.7926
0.7018
0.7855
0.7704
0.7346
0.8101
0.7790
0.7005
0.8336
0.8397
0.8376
0.7903
0.7225
0.7727
0.7701
0.7504
0.7542
0.7931
0.7757
0.8578
0.9047
0.7935
0.8767
0.8798
0.8685
0.7652
0.8836
0.8382
0.7973
0.7030
0.8489
0.8574
0.7124
0.8096
0.8406
0.7921
0.8722
0.8262
0.7801
0.7726
0.8212
0.7951
0.8357
0.7256
0.8015
0.8007
0.8028
0.7200
0.7990
0.9030
0.7464
0.7662
0.7363
0.7512
0.8601
0.8198
0.8156
0.7939
0.7799
0.8346
0.8848
0.8320
0.8448
0.7959
0.8362
0.8595
0.8278
0.7959
0.7318
0.8111
0.8804
0.7581
0.8688
0.8338
0.8302
0.8437
0.7924
0.8432
0.8344
0.7843
0.8321
0.8058
0.8194
0.7861
0.8166
0.8342
0.8215
0.8519
0.7954
0.8521
0.8077
0.8402
0.9269
0.8269
0.8710
0.8883
0.8285
0.8605
0.8556
0.8428
0.8736
0.8342
0.7887
0.9161
0.8806
0.7705
0.8022
0.8710
0.8360
0.8251
0.7742
