0.6203
0.5928
0.6923
0.3785
0.6188
0.5685
0.6608
0.2631
0.5756
0.6046
0.5338
0.6453
0.6085
0.6100
0.5204
0.7159
0.4068
0.6253
0.5733
0.4438
0.5605
0.5315
0.2161
0.2158
0.5021
0.5251
0.6220
0.4402
0.4796
0.8675
0.6834
0.5874
0.6746
0.4327
0.5650
0.5886
0.5124
0.3851
0.5083
0.5829
0.4559
0.4925
0.6453
0.5109
0.6812
0.5177
0.5677
0.5929
0.4458
0.5656
0.6266
0.7327
0.6234
0.5799
0.5389
0.3406
0.3607
0.7472
0.5577
0.4050
0.6389
0.4502
0.4493
0.4502
0.6316
0.5357
0.4952
0.6173
0.6299
0.5332
0.5268
0.4417
0.4111
0.5279
0.6549
0.6058
0.4452
0.5294
0.5543
0.6172
0.4125
0.7423
0.4730
0.6407
0.5654
0.2974
0.5113
0.5660
0.5678
0.4844
0.6223
0.5303
0.4279
0.6258
0.8192
0.4322
0.6409
0.6938
0.7216
0.6516
0.5765
0.5817
0.6965
0.7364
0.6737
0.4683
0.5831
0.5511
0.7118
0.8771
0.7960
0.6531
0.5438
0.5939
0.6429
0.8624
0.6369
0.6411
0.5848
0.5756
0.6049
0.6920
0.6930
0.6845
0.5866
0.5429
0.4477
0.5459
0.6387
0.4615
0.5021
0.6893
0.6202
0.6130
0.4930
0.6398
0.7292
0.4128
0.7301
0.3712
0.5690
0.4745
0.6958
0.7931
0.5854
0.6291
0.6828
0.4125
0.5878
0.4398
0.6771
0.6348
0.6763
0.6807
0.6464
0.5624
0.6312
0.5015
0.2317
0.6818
0.6541
0.3311
0.7293
0.8333
0.3464
0.7219
0.7082
0.6441
0.5463
0.7172
0.5143
0.3916
0.4703
0.5451
0.7588
0.7575
0.6693
0.5335
0.7690
0.6669
0.7318
0.7759
0.8685
0.4299
0.4445
0.6897
0.4019
0.6004
0.7888
0.8412
0.7215
0.6182
0.7228
0.4071
0.7078
0.4754
0.8378
0.6118
0.4992
0.7718
0.6453
0.1531
0.6611
0.4659
0.7465
0.4118
0.5455
0.4037
0.5861
0.8196
0.7154
0.4025
0.6136
0.6946
0.8681
0.6641
0.7302
0.6142
0.5483
0.6763
0.7120
0.4319
0.6798
0.2496
0.6208
0.4817
0.7985
0.8945
0.6945
0.8089
0.3999
0.5485
0.7139
0.7314
0.7540
0.4297
0.3411
0.4753
0.7965
0.3737
0.3729
0.8243
0.5011
0.7602
0.8889
0.6746
0.6954
0.7068
0.9166
0.9330
0.2402
0.8494
0.7384
0.7135
0.7102
0.5420
0.5933
0.8138
0.4069
0.6949
0.6325
0.7620
0.7140
0.7434
0.6944
0.5998
0.7554
0.5121
0.5409
0.3531
0.8884
0.7442
0.8338
0.6963
0.6482
0.4891
0.5558
0.6880
0.6782
0.4074
0.8815
0.9191
0.8429
0.4965
0.7389
0.6910
0.4236
0.7259
0.8962
0.8816
0.7529
0.8202
0.7683
0.5836
0.7459
0.3901
0.9300
0.5946
0.3712
0.8815
0.6516
0.7899
0.8855
0.8623
0.2269
0.4006
0.5432
0.8887
0.9055
0.4473
0.8322
0.4513
0.3060
0.3382
0.8729
0.7270
0.3489
0.7954
0.6867
0.3646
0.8546
0.7661
0.6785
0.7033
0.2146
0.8057
0.7078
0.7670
0.9050
0.7369
0.6982
0.5098
0.8303
0.6006
0.4604
0.6145
0.9411
0.7216
0.7681
0.2843
0.4406
0.7357
0.9305
0.8231
0.7162
0.4908
0.6271
0.4968
0.8888
0.3887
0.7358
0.7767
0.5586
0.8310
0.8054
0.9388
0.7472
0.7600
0.7523
0.9126
0.1330
0.8237
0.4487
0.5275
0.9358
0.4035
0.8213
0.7150
0.5615
0.3212
0.8309
0.4657
0.9055
0.6759
0.6721
0.6501
0.3781
0.8817
0.8741
0.4576
0.7761
0.7108
0.4836
0.7803
0.6503
0.4830
0.6041
0.6093
0.4373
0.2364
0.5897
0.8389
0.8361
0.6583
0.8899
0.7627
0.7352
0.4313
0.6846
0.6698
0.7341
0.7999
0.8539
0.8641
0.7700
0.9044
0.8915
0.8086
0.9275
0.9054
0.8019
0.7128
0.1931
0.4312
0.4007
0.8798
0.6930
0.5800
0.8912
0.8837
0.8769
0.7249
0.8070
0.8135
0.4279
0.6607
0.5008
0.2859
0.7433
0.9241
0.7093
0.7909
0.5496
0.6318
0.6859
0.4589
0.8717
0.9358
0.1455
0.7304
0.2754
0.4100
0.8158
0.6182
0.9455
0.4817
0.2640
0.5029
0.8518
0.3881
0.6688
0.6707
0.5591
0.7186
0.7505
0.8750
0.7512
0.7795
0.6992
0.8693
0.4402
0.2520
0.7558
0.4155
0.2585
0.6649
0.8268
0.7743
0.6288
0.9254
0.3209
0.8454
0.6526
0.8879
0.5244
0.5894
0.5070
0.2389
0.8810
0.5210
0.6815
0.2994
0.3081
0.8521
0.9735
0.2475
0.9100
0.4475
0.8248
0.7653
0.7601
0.4745
0.9009
0.8868
0.8596
0.4424
0.8866
0.6347
0.7499
0.9354
0.9026
0.6610
0.8080
0.6683
0.8634
0.9095
0.8645
0.8270
0.8260
0.6756
0.5011
0.9109
0.8973
0.9631
0.8702
0.7612
0.3486
0.8619
0.7643
0.4240
0.7944
0.6337
0.6729
0.8337
0.6653
0.8823
0.8602
0.2917
0.9212
0.3211
0.6736
0.8082
0.7465
0.8719
0.8534
0.6712
0.9567
0.5838
0.6886
0.4683
0.6632
0.9088
0.7981
0.9052
0.8565
0.2729
0.6760
0.2277
0.1649
0.8453
0.5201
0.3394
0.9677
0.9901
0.6236
0.8678
0.8617
0.8317
0.6431
0.8943
0.5757
0.5002
0.5661
0.8136
0.9548
0.8558
0.7724
0.6950
0.8406
0.7974
0.8709
0.8515
0.9840
0.3301
0.4388
0.7874
0.2484
0.7831
0.9228
0.9656
0.9441
0.6029
0.7614
0.3124
0.7428
0.3736
0.7990
0.4929
0.4287
0.7925
0.8122
0.1519
0.8396
0.7260
0.9128
0.3240
0.5981
0.2359
0.6907
0.8489
0.7036
0.3849
0.5718
0.8660
0.9134
0.8308
0.9193
0.6217
0.4997
0.8307
0.6676
0.3875
0.6054
0.1362
0.6667
0.4357
0.8564
0.9157
0.7707
0.8582
0.3464
0.7665
0.7733
0.9030
0.7426
0.3075
0.2597
0.3317
0.9882
0.3359
0.3539
0.8336
0.4334
0.8254
0.9272
0.6418
0.8768
0.7918
0.9672
0.9434
0.1514
0.9504
0.8926
0.6835
0.9454
0.8480
0.3578
0.8606
0.3059
0.6474
0.8443
0.8443
0.7024
0.7957
0.7798
0.5878
0.9326
0.4916
0.7386
0.1791
0.9462
0.8931
0.8754
0.7663
0.7853
0.3826
0.6651
0.7098
0.8561
0.4335
0.9721
0.9658
0.8005
0.6775
0.6625
0.7189
0.5465
0.9095
0.9858
0.9594
0.9333
0.8400
0.8378
0.6176
0.8778
0.4409
0.9765
0.6448
0.4850
0.9240
0.6536
0.7065
0.9010
0.9383
0.1091
0.2525
0.4994
0.9190
0.9445
0.3636
0.8253
0.6560
0.2521
0.1931
0.9334
0.9357
0.3103
0.8966
0.7342
0.2343
0.7193
0.7377
0.7505
0.7043
0.1607
0.9790
0.6224
0.7321
0.9378
0.8178
0.7928
0.5645
0.9308
0.6334
0.3358
0.5755
0.9650
0.6978
0.8629
0.6089
0.3113
0.8354
0.9655
0.7076
0.7656
0.4103
0.5874
0.4406
0.9328
0.3229
0.5939
0.7113
0.5332
0.8772
0.8551
0.8964
0.7873
0.7549
0.7693
0.9438
0.1059
0.9167
0.5148
0.4736
0.9591
0.4461
0.8128
0.8164
0.6324
0.4893
0.8158
0.4211
0.9626
0.6875
0.7681
0.5524
0.2735
0.9480
0.8112
0.4452
0.6300
0.7859
0.3682
0.7281
0.6989
0.4484
0.4803
0.5115
0.3807
0.0936
0.6623
0.9353
0.8404
0.7431
0.9671
0.7959
0.6969
0.4053
0.7520
0.5701
0.6643
0.8459
0.9437
0.8767
0.6865
0.9746
0.8056
0.6676
0.9686
0.9507
0.7998
0.7336
0.1299
0.1674
0.3238
0.9479
0.7796
0.5517
0.9548
0.9604
0.9446
0.9743
0.8868
0.7765
0.3833
0.6525
0.3969
0.2605
0.7548
0.9177
0.7958
0.7314
0.5294
0.6433
0.9114
0.3884
0.8216
0.9869
