0.9050
0.9173
0.8989
0.9204
0.8976
0.9089
0.9099
0.9337
0.9147
0.8929
0.9392
0.9120
0.8530
0.9061
0.9045
0.8606
0.8851
0.8960
0.9008
0.8715
0.8790
0.8661
0.8905
0.8468
0.8461
0.8684
0.8729
0.8887
0.8935
0.8800
0.8682
0.8794
0.8623
0.8692
0.7938
0.8525
0.8388
0.8328
0.8487
0.8587
0.8586
0.8959
0.8439
0.8494
0.8509
0.8519
0.8545
0.8231
0.8587
0.8586
0.8016
0.8107
0.8232
0.7951
0.8095
0.8446
0.8377
0.8090
0.8291
0.8386
0.8410
0.7726
0.8498
0.8507
0.8175
0.8308
0.8292
0.8133
0.8366
0.8121
0.8121
0.8128
0.8130
0.8183
0.7998
0.8154
0.8148
0.7904
0.8022
0.8179
0.7797
0.8252
0.8297
0.7815
0.8039
0.8265
0.8057
0.7744
0.7755
0.8083
0.7950
0.7741
0.8055
0.7937
0.7780
0.7444
0.7940
0.7490
0.7739
0.7596
0.7951
0.7904
0.7774
0.7800
0.7700
0.8020
0.8008
0.7907
0.7577
0.7656
0.7809
0.7680
0.7877
0.7625
0.7702
0.7708
0.7703
0.7827
0.7631
0.7619
0.7488
0.7652
0.7692
0.7759
0.7556
0.7282
0.7620
0.7606
0.7639
0.7556
0.7888
0.7393
0.7560
0.7734
0.7658
0.7341
0.7571
0.7542
0.7514
0.7667
0.7584
0.7431
0.7601
0.7543
0.7368
0.7480
0.7471
0.7678
0.7573
0.7503
0.7727
0.7724
0.7341
0.7470
0.7635
0.7375
0.7477
0.7542
0.7387
0.7601
0.7286
0.7540
0.7195
0.7501
0.7530
0.7133
0.7498
0.7352
0.7305
0.7466
0.7188
0.7317
0.7490
0.7362
0.7432
0.7453
0.7200
0.7167
0.7252
0.7392
0.7322
0.7320
0.7554
0.7183
0.7181
0.7162
0.7136
0.7291
0.7394
0.7456
0.7283
0.7240
0.7451
0.7310
0.7266
0.7090
0.7160
0.7210
0.6977
0.7287
0.7302
0.7136
0.7362
0.7357
0.7061
0.7106
0.7405
0.7315
0.7356
0.7298
0.7202
0.6995
0.7310
0.7333
0.7034
0.7049
0.7080
0.7445
0.7058
0.7254
0.7004
0.7133
0.7101
0.7180
0.7298
0.7041
0.7144
0.7090
0.6965
0.7170
0.7103
0.7106
0.7104
0.7055
0.6941
0.7037
0.7175
0.7053
0.7084
0.7002
0.7212
0.7101
0.6824
0.6993
0.7174
0.7283
0.7037
0.7004
0.7257
0.6999
0.6854
0.7090
0.6860
0.6879
0.6913
0.7194
0.7032
0.7061
0.7050
0.6959
0.6878
0.7216
0.7033
0.7088
0.6992
0.6893
0.7063
0.6888
0.7124
0.6912
0.6897
0.6993
0.6934
0.7177
0.7029
0.7205
0.6860
0.7056
0.6876
0.7010
0.7066
0.7098
0.6785
0.7122
0.6991
0.6913
0.6965
0.6842
0.6852
0.6773
0.6852
0.7033
0.6846
0.7004
0.6907
0.7058
0.6809
0.7118
0.6834
0.7057
0.6848
0.6810
0.6882
0.6843
0.6919
0.6884
0.6971
0.6856
0.6921
0.6710
0.6889
0.6760
0.6874
0.6762
0.6747
0.6842
0.6767
0.6893
0.6907
0.6873
0.6794
0.6895
0.6973
0.6962
0.6868
0.6851
0.6807
0.6844
0.7008
0.6986
0.6886
0.6816
0.6757
0.6849
0.6854
0.6883
0.6795
0.6737
0.6863
0.6957
0.6754
0.6874
0.6860
0.6766
0.6917
0.6858
0.6817
0.6864
0.6747
0.6804
0.6767
0.6861
0.6822
0.6731
0.6755
0.6562
0.6851
0.6765
0.6786
0.6525
0.6847
0.6590
0.6675
0.6670
0.6563
0.6771
0.6672
0.6935
0.6820
0.7073
0.6854
0.6692
0.6835
0.6760
0.6809
0.6729
0.6710
0.6681
0.6753
0.7047
0.6595
0.6774
0.6684
0.6729
0.6738
0.6777
0.6719
0.6706
0.6640
0.6673
0.6828
0.6632
0.6672
0.6826
0.6557
0.6764
0.6640
0.6659
0.6613
0.6580
0.6789
0.6768
0.6569
0.6801
0.6619
0.6438
0.6522
0.6600
0.6598
0.6483
0.6730
0.6616
0.6575
0.6558
0.6566
0.6611
0.6585
0.6688
0.6663
0.6740
0.6678
0.6629
0.6549
0.6862
0.6568
0.6648
0.6652
0.6680
0.6536
0.6515
0.6688
0.6591
0.6544
0.6611
0.6619
0.6757
0.6593
0.6496
0.6750
0.6631
0.6689
0.6658
0.6460
0.6531
0.6471
0.6507
0.7036
0.6565
0.6560
0.6617
0.6664
0.6454
0.6591
0.6653
0.6579
0.6533
0.6586
0.6554
0.6580
0.6550
0.6592
0.6547
0.6627
0.6533
0.6555
0.6642
0.6384
0.6449
0.6472
0.6533
0.6544
0.6521
0.6673
0.6398
0.6676
0.6487
0.6505
0.6646
0.6370
0.6582
0.6554
0.6519
0.6831
0.6502
0.6480
0.6572
0.6508
0.6532
0.6397
0.6424
0.6485
0.6538
0.6524
0.6494
0.6434
0.6590
0.6542
0.6641
0.6498
0.6480
0.6408
0.6525
0.6504
0.6455
0.6380
0.6446
0.6415
0.6449
0.6443
0.6482
0.6483
0.6409
0.6528
0.6412
0.6388
0.6461
0.6504
0.6371
0.6466
0.6435
0.6533
0.6393
0.6411
0.6440
0.6455
0.6413
0.6443
0.6519
0.6351
0.6686
0.6457
0.6318
0.6400
0.6442
0.6314
0.6413
0.6354
0.6437
0.6361
0.6400
0.6517
0.6425
0.6432
0.6331
0.6358
0.6460
0.6404
0.6536
0.6501
0.6488
0.6365
0.6431
0.6180
0.6293
0.6390
0.6326
0.6428
0.6314
0.6410
0.6425
0.6386
0.6567
0.6395
0.6365
0.6309
0.6379
0.6295
0.6380
0.6349
0.6375
0.6312
0.6333
0.6352
0.6354
0.6355
0.6390
0.6373
0.6310
0.6337
0.6381
0.6265
0.6423
0.6374
0.6566
0.6373
0.6459
0.6315
0.6346
0.6437
0.6330
0.6303
0.6439
0.6319
0.6368
0.6240
0.6383
0.6388
0.6396
0.6355
0.6379
0.6316
0.6411
0.6392
0.6328
0.6253
0.6255
0.6215
0.6343
0.6464
0.6305
0.6284
0.6378
0.6270
0.6469
0.6353
0.6389
0.6308
0.6242
0.6273
0.6316
0.6362
0.6324
0.6295
0.6311
0.6270
0.6323
0.6410
0.6308
0.6218
0.6305
0.6517
0.6276
0.6396
0.6273
0.6261
0.6389
0.6280
0.6273
0.6267
0.6234
0.6368
0.6195
0.6207
0.6259
0.6182
0.6308
0.6350
0.6357
0.6405
0.6206
0.6254
0.6345
0.6274
0.6235
0.6267
0.6373
0.6205
0.6325
0.6290
0.6380
0.6113
0.6208
0.6227
0.6287
0.6236
0.6323
0.6285
0.6251
0.6143
0.6331
0.6183
0.6263
0.6271
0.6266
0.6190
0.6223
0.6344
0.6124
0.6149
0.6085
0.6237
0.6219
0.6250
0.6237
0.6121
0.6345
0.6031
0.6282
0.6323
0.6174
0.6179
0.6222
0.6176
0.6109
0.6582
0.6265
0.6380
0.6184
0.6157
0.6301
0.6165
0.6180
0.6234
0.6401
0.6117
0.6136
0.6271
0.6207
0.6197
0.6221
0.6232
0.6205
0.6217
0.6208
0.6393
0.6141
0.6193
0.6161
0.6193
0.6178
0.6197
0.6207
0.6083
0.6294
0.6299
0.6170
0.6041
0.6162
0.6069
0.6245
0.6397
0.6117
0.6146
0.6130
0.6155
0.6230
0.6117
0.6384
0.6068
0.6383
0.6187
0.6128
0.6125
0.6115
0.6197
0.6098
0.6158
0.6142
0.6183
0.6082
0.6318
0.6127
0.6216
0.6142
0.6079
0.6217
0.6091
0.6055
0.6176
0.6259
0.6163
0.6192
0.6146
0.6104
0.6120
0.6256
0.6427
0.5998
0.6067
0.6209
0.6101
0.6140
0.6361
0.6082
0.6128
0.6133
0.6097
0.6303
0.6146
0.6345
0.6169
0.6033
0.6106
0.6080
0.5938
0.6103
0.6093
0.6118
0.6058
0.6119
0.6104
0.6106
0.6021
0.6126
0.6012
0.5946
0.6045
0.6074
0.6016
0.6029
0.6085
0.6072
0.6126
0.6179
0.6156
0.5990
0.6097
0.6144
0.6039
0.6070
0.6043
0.6010
0.6026
0.6113
0.6232
0.6111
0.6212
0.6362
0.6085
0.6011
0.6059
0.6048
0.6007
0.6029
0.5968
0.6261
0.6065
0.6007
