0.2237
0.6364
0.6239
0.3055
0.4594
0.3666
0.7893
0.1020
0.2236
0.0000
0.8932
0.0000
0.6382
0.4143
0.5401
0.8172
0.7278
0.4478
0.1157
0.6393
0.8208
0.6801
0.6756
0.7680
0.8343
0.5472
0.3429
0.0000
0.4260
0.8447
0.6032
0.2367
0.5667
0.5000
0.2888
0.4780
0.8878
0.6988
0.4216
0.8261
0.6212
0.8295
0.2835
0.7267
0.2556
0.2038
0.5419
0.5397
0.5340
0.4599
0.4214
0.4414
0.6829
0.7500
0.8810
0.4167
0.3810
0.5915
0.2491
0.4479
0.6000
0.0290
0.2606
0.6722
0.5128
0.6013
0.5289
0.5761
0.4142
0.3915
0.8634
0.4870
0.1131
0.6512
0.2062
0.6190
0.0336
0.5639
0.0000
0.1848
0.3810
0.5510
0.1032
0.7345
0.6295
0.0323
0.6528
0.7490
0.3322
0.7493
0.6533
0.4638
0.6034
0.5530
0.6284
0.4348
0.0496
0.4706
0.5364
0.4182
0.3333
0.3007
0.4762
0.6316
0.1087
0.7399
0.1829
0.2975
0.4836
0.5495
0.3077
0.5083
0.6182
0.6807
0.4375
0.6290
0.3117
0.6000
0.5355
0.5000
0.4944
0.6237
0.7016
0.5744
0.7298
0.7006
0.5477
0.5439
0.5134
0.6093
0.4634
0.6393
0.4821
0.1778
0.2595
0.5742
0.3434
0.7839
0.0550
0.3981
0.3875
0.7152
0.0645
0.3624
0.4845
0.8148
0.4882
0.5543
0.1549
0.5034
0.4677
0.3118
0.0719
0.5536
0.1364
0.5730
0.4670
0.2321
0.4245
0.4296
0.7136
0.4265
0.2881
0.3036
0.1863
0.2667
0.1250
0.4583
0.4010
0.4672
0.5488
0.3613
0.6311
0.4702
0.5306
0.3636
0.6803
0.5306
0.6131
0.6518
0.2444
0.5906
0.3480
0.7053
0.3106
0.5094
0.3379
0.6174
0.8487
0.3048
0.1158
0.4545
0.4185
0.5764
0.6554
0.6547
0.2479
0.5697
0.7612
0.6369
0.5014
0.0000
0.4136
0.7029
0.7631
0.6897
0.7407
0.7926
0.5622
0.7320
0.2836
0.5000
0.2529
0.7565
0.7475
0.3383
0.3113
0.6944
0.6784
0.7592
0.7317
0.4590
0.2995
0.7466
0.5806
0.4523
0.7450
0.9055
0.7469
0.5630
0.5714
0.4986
0.6612
0.2618
0.5124
0.3022
0.2885
0.6933
0.3663
0.8380
0.5447
0.5806
0.3100
0.1716
0.5978
0.7467
0.0426
0.5752
0.6923
0.6825
0.4179
0.8108
0.0960
0.5294
0.3837
0.5818
0.4099
0.4430
0.5820
0.4472
0.0719
0.5477
0.6477
0.5859
0.1958
0.4536
0.3497
0.4558
0.5224
0.3985
0.6715
0.7464
0.5995
0.4794
0.0000
0.5275
0.6901
0.5000
0.1705
0.2157
0.5514
0.3587
0.5986
0.7815
0.7925
0.3796
0.5443
0.5059
0.7337
0.4058
0.7419
0.6375
0.7755
0.4478
0.6420
0.5056
0.2695
0.6416
0.2247
0.6466
0.1538
0.6188
0.7404
0.7778
0.5176
0.6694
0.5896
0.5148
0.2960
0.6074
0.6667
0.7207
0.5395
0.7372
0.5801
0.5674
0.3684
0.6906
0.3182
0.2214
0.1748
0.2647
0.2000
0.5965
0.4875
0.4615
0.7671
0.2971
0.4940
0.4930
0.7153
0.3882
0.5402
0.8417
0.4458
0.3708
0.2817
0.8916
0.5404
0.6066
0.4972
0.5846
0.5161
0.6347
0.6835
0.7362
0.4464
0.3252
0.4702
0.3969
0.7619
0.2719
0.7134
0.6220
0.3087
0.4839
0.5314
0.3823
0.4409
0.4730
0.6759
0.6184
0.2097
0.8828
0.6290
0.5755
0.1204
0.4605
0.7476
0.7464
0.7917
0.2519
0.3846
0.3265
0.4467
0.4581
0.4505
0.5882
0.2821
0.6985
0.5139
0.3375
0.5088
0.3206
0.0485
0.1081
0.5315
0.6818
0.0268
0.0235
0.7832
0.6980
0.3288
0.3357
0.5389
0.3631
0.5363
0.6873
0.0884
0.3438
0.5714
0.3840
0.4937
0.4937
0.4568
0.7799
0.7179
0.3492
0.6197
0.3648
0.2342
0.6316
0.8000
0.7519
0.2939
0.3758
0.4049
0.4788
0.3280
0.6162
0.3441
0.6768
0.3167
0.1231
0.6696
0.5415
0.0000
0.1714
0.4719
0.2115
0.2815
0.1014
0.4911
0.1126
0.5714
0.3359
0.0580
0.4640
0.0825
0.3311
0.3315
0.2838
0.4432
0.6437
0.5839
0.6109
0.5467
0.6960
0.2051
0.5389
0.4587
0.7324
0.7458
0.3986
0.6032
0.1270
0.6480
0.1867
0.7751
0.6459
0.5576
0.8321
0.5419
0.5238
0.4898
0.3758
0.6188
0.5241
0.7912
0.7069
0.4459
0.3425
0.7148
0.5847
0.7190
0.4896
0.5497
0.7087
0.4634
0.8361
0.5421
0.6757
0.3544
0.6167
0.4331
0.0000
0.7872
0.4286
0.1341
0.6197
0.4571
0.3687
0.6607
0.6184
0.4677
0.4122
0.2500
0.7052
0.6446
0.3932
0.1159
0.6250
0.8070
0.5385
0.4129
0.6994
0.8370
0.2449
0.5405
0.6132
0.5621
0.6166
0.1463
0.7000
0.6723
0.5385
0.8152
0.5277
0.7809
0.6502
0.6578
0.5731
0.3433
0.7466
0.6941
0.5394
0.1139
0.2162
0.5577
0.4274
0.5828
0.6176
0.1760
0.3291
0.4727
0.7953
0.4247
0.7042
0.3220
0.6018
0.5756
0.5772
0.3840
0.5241
0.6535
0.6667
0.2024
0.5242
0.5413
0.1587
0.1511
0.6084
0.4282
0.4399
0.6109
0.5415
0.7781
0.5096
0.1761
0.8619
0.2295
0.4638
0.3445
0.5341
0.3846
0.4000
0.4615
0.3561
0.2889
0.3523
0.4860
0.7105
0.2190
0.1037
0.6423
0.3200
0.0642
0.2500
0.5991
0.3351
0.5154
0.7160
0.6615
0.3007
0.2714
0.5039
0.4781
0.3190
0.4588
0.3536
0.4915
0.4752
0.5198
0.5269
0.5233
0.7518
0.4118
0.5588
0.3008
0.4430
0.5948
0.4796
0.7147
0.7514
0.7379
0.6025
0.4925
0.7775
0.4940
0.0000
0.2408
0.5463
0.2472
0.6211
0.7052
0.6462
0.7182
0.8256
0.5258
0.0000
0.5166
0.7117
0.6423
0.0000
0.5326
0.4000
0.6098
0.2000
0.2593
0.6995
0.6866
0.3554
0.7396
0.5223
0.6286
0.5165
0.6857
0.7615
0.6327
0.3203
0.6795
0.6389
0.6303
0.4460
0.7111
0.5621
0.6012
0.4215
0.1429
0.5894
0.6531
0.6309
0.4200
0.0000
0.6588
0.3529
0.2745
0.6329
0.7215
0.6400
0.6538
0.4451
0.5397
0.8339
0.6984
0.5850
0.4198
0.7474
0.6230
0.4313
0.8406
0.4654
0.8986
0.4064
0.0667
0.6564
0.0196
0.4058
0.4286
0.0690
0.6178
0.8866
0.8187
0.6082
0.5616
0.6968
0.4972
0.4601
0.4870
0.5588
0.3920
0.9246
0.2884
0.7315
0.5116
0.6667
0.6372
0.5442
0.4762
0.4508
0.1931
0.3333
0.8571
0.4143
0.1805
0.4371
0.8458
0.5535
0.3441
0.6707
0.7821
0.1364
0.2222
0.1818
0.5845
0.1684
0.6447
0.3087
0.3620
0.1266
0.7189
0.6748
0.5026
0.4316
0.2233
0.7059
0.3276
0.0828
0.0783
0.3947
0.8105
0.5455
0.5664
0.3977
0.3448
0.8161
0.3125
0.6032
0.4925
0.6818
0.5326
0.7643
0.7836
0.0637
0.5418
0.4636
0.4565
0.6169
0.4767
0.4393
0.4903
0.6078
0.2047
0.5177
0.4357
0.7331
0.1067
0.7252
0.8015
0.8015
0.7628
0.2667
0.1395
0.8825
0.5902
0.7042
0.6667
0.6537
0.3971
0.5376
0.5553
0.7699
0.4091
0.7939
0.1993
0.5069
0.1698
0.2264
0.5311
0.8188
0.4762
0.5957
0.4458
0.7686
0.3636
0.4238
0.5362
0.5217
0.4384
0.5132
0.2192
0.6000
0.3281
0.3212
0.6325
0.2617
0.3226
0.4467
0.3382
0.4524
0.3902
0.6010
0.1639
0.7612
0.4170
0.1314
0.6325
0.7055
0.5989
0.6324
0.8729
0.5193
0.5254
0.2509
0.3034
0.7164
0.5578
0.8571
0.3816
0.2797
0.0435
0.4051
0.5311
0.6471
0.2532
0.6904
0.4538
0.5789
0.6241
0.3426
0.6418
0.7814
0.2840
0.4712
0.2481
0.8601
0.6890
0.0000
0.2797
0.7204
0.4085
0.5402
0.3249
0.3678
0.7603
0.5950
0.4167
0.3529
0.5000
0.6216
0.5532
0.3319
0.2762
0.3594
0.5674
0.6242
0.6281
0.0814
0.9222
0.2162
0.7401
0.3816
0.5057
0.4192
0.1346
0.5316
0.4848
0.1429
0.7950
0.6552
0.2444
0.1912
0.0000
0.6022
0.0879
0.5361
0.2585
0.2203
0.3796
0.2051
0.4950
0.5714
0.2902
0.4523
0.3520
0.3301
0.4580
0.3571
0.4775
0.5677
0.3344
0.2595
0.7401
0.5514
0.5978
0.6456
0.5988
0.7385
0.6050
0.7298
0.6291
0.4886
0.2781
0.3689
0.6579
0.6726
0.5833
0.7261
0.5788
0.2268
0.8862
0.8077
0.3256
0.6353
0.7500
0.4218
0.5290
0.2336
0.6579
0.6939
0.3027
0.4596
0.6246
0.8556
0.1429
0.4580
0.6053
0.1935
0.6161
0.6300
0.5157
0.6957
0.5764
0.2034
0.6524
0.7322
0.4348
0.7427
0.5769
0.7150
0.6173
0.7939
0.1739
0.9000
0.7216
0.5938
0.1321
0.5301
0.3548
0.2308
0.5733
0.4091
0.6355
0.5057
0.6503
0.5220
0.1905
0.6226
0.5609
0.6556
0.1803
0.3432
0.6857
0.3544
0.5601
0.2991
0.7907
0.6592
0.8116
0.2034
0.4062
0.4895
0.4798
0.6935
0.6030
0.7601
0.6601
0.6558
0.5521
0.7542
0.6228
0.5000
0.5191
0.7258
0.4524
0.0000
0.8007
0.6503
0.4184
0.0659
0.5039
0.6186
0.8417
0.1520
0.7811
0.8354
0.3796
0.8106
0.6957
0.5953
0.6019
0.7826
0.6263
0.5181
0.2645
0.6980
0.6901
0.4370
0.4598
0.7090
0.6214
0.1797
0.5847
0.6553
0.4821
0.7059
0.5305
0.0938
0.7299
0.5108
0.4098
0.6863
0.8101
0.4539
0.7938
0.6335
0.8347
0.5244
0.2991
0.7837
0.7382
0.4235
0.5530
0.3867
0.2955
0.5571
0.6162
0.3762
0.3830
0.1224
0.4238
0.4194
0.4789
0.5923
0.1168
0.7051
0.7953
0.1176
0.4848
0.0188
0.3312
0.2857
0.6438
0.4025
0.2680
0.6720
0.5294
0.5268
0.8858
0.7137
0.1398
0.1593
0.2346
0.3472
0.7126
0.2778
0.4679
0.7021
0.5214
0.7921
0.2718
0.2828
0.2459
0.7240
0.3725
0.5705
0.4348
0.6987
0.5830
0.5882
0.6154
0.7404
0.6591
0.5542
0.5429
0.4977
0.7722
0.4855
0.4058
0.3649
0.3926
0.0000
0.5051
0.0909
0.3646
0.7213
0.4581
0.4519
0.6357
0.7719
0.5753
0.6606
0.4915
0.5377
0.5786
0.6089
0.3134
0.4762
0.5113
0.6167
0.4549
0.2330
0.6250
0.6587
0.5061
0.3760
0.4958
0.8387
0.6834
0.2936
0.7152
0.8065
0.2885
0.5333
0.6730
0.4430
0.4532
0.8212
0.1437
0.5525
0.3941
0.5233
0.0759
0.4512
0.1216
0.9091
0.3857
0.5401
0.5054
0.6323
0.4563
0.3979
0.6720
0.5290
0.3418
0.6345
0.1675
0.3727
0.3363
0.3708
0.7486
0.6394
0.4760
0.2717
0.5918
0.5166
0.0000
0.0517
0.3222
0.5676
0.4648
0.5072
0.6344
0.6435
0.3490
0.4017
0.7554
0.7670
0.7461
0.7053
0.0000
0.6935
0.5195
0.2617
0.4026
0.3729
0.6966
0.2446
0.2069
0.4530
0.2081
0.5547
0.6667
0.2674
0.8081
0.2105
0.1474
0.2442
0.4519
0.5198
0.6300
0.3228
0.6073
0.4286
0.9299
0.6563
0.7339
0.1250
0.0192
0.6167
0.3067
0.1842
0.3020
0.3273
0.8354
0.8394
0.8306
0.7715
0.4422
0.5426
0.8018
0.4405
0.4154
0.8220
0.1584
0.2810
0.1500
0.6537
0.5781
0.2295
0.4625
0.5874
0.4771
0.7768
0.0319
0.4523
0.3117
0.7573
0.7242
0.6197
0.7871
0.1615
0.4842
0.4275
0.2321
0.0000
0.6184
0.7458
0.3134
0.3268
0.5385
0.6713
0.3564
0.5639
0.5345
0.4628
0.5429
0.3240
0.3767
0.3548
0.4805
0.8515
0.3433
0.4762
0.5564
0.8526
0.5401
0.6613
0.6926
