2.079727904347237338e-02 5.183744677901267472e-01 3.421201702862163019e-02 2.921780816905084093e-05 2.435454000187746611e-03 4.241075165197253360e-01 4.404895124181962301e-05
9.935825449228287143e-01 1.180520429454697044e-04 1.346920314885111196e-05 1.088062512159559193e-07 3.670026908150119727e-04 2.163567732729426415e-06 5.916665043804831929e-03
1.360081926744896932e-02 4.729502624133601757e-02 6.627826666831970748e-01 4.767789036850445146e-03 1.238964101858437000e-01 1.429766196222044539e-01 4.680665235209744562e-03
7.969989539682864610e-01 1.708961047802586009e-01 6.155883745932442565e-03 1.119909123772231492e-03 4.887895226909222271e-04 2.433674296386925673e-02 3.609307588969823399e-06
4.994237129390239893e-01 3.614935397170484371e-02 1.780662157014012426e-01 1.460699686082080062e-02 1.702412607567384828e-01 9.396257724147290269e-02 7.549884999752976347e-03
7.459066754207015204e-02 9.893316294765100438e-03 7.099090898036957142e-01 2.988476657919818345e-03 1.184310967847704843e-01 8.381985448300838248e-02 3.674967980168730480e-04
2.023939843289554175e-01 9.383619580417872086e-02 1.204436846077442114e-01 4.070711226086131881e-03 3.085145579278469330e-01 2.680737023800611740e-01 2.667172122310148760e-03
6.519759360071474994e-04 1.550788461276264547e-05 9.987481898069381359e-01 3.227079522076792544e-05 4.328448948285767875e-04 1.042569511412280775e-05 1.087900024974430824e-04
9.582074862718582553e-01 5.617533377753716403e-03 2.573817358323140028e-02 5.705039151234814242e-04 1.929727282022213313e-03 7.869239171182016573e-03 6.734831857727386121e-05
7.537980552529915945e-02 2.319525024737231420e-02 2.425354680605232849e-01 2.490665543882642028e-03 2.681709659844637161e-01 2.219807868637144466e-01 1.662470558239147189e-01
3.331724280864000187e-01 2.300357672385871521e-01 1.355191321577876862e-02 1.227120528055820588e-03 1.778320321813225691e-01 2.321992740593850635e-01 1.198145792935974979e-02
9.997151273488998902e-01 8.477519377818265535e-05 1.823460059782749823e-04 1.637334577790333686e-05 1.282294984103135582e-06 5.635555731514079800e-08 4.761559027529525949e-08
9.073045571421971267e-02 1.909051316335741335e-04 9.036783595010637882e-01 1.341180069834635501e-05 3.266953016418483284e-03 2.055170608530118917e-03 6.474954982028546422e-05
6.762620747089386208e-01 1.055932902381755481e-02 6.024431588361039980e-02 7.036633322422858631e-04 2.192223501950502362e-01 1.415015715694607941e-02 1.885810053441673573e-02
1.862947053319658278e-02 7.152798724448075629e-02 8.748406706750393447e-01 1.617454536259174333e-02 1.470710492794751259e-02 3.838301544285513921e-03 2.819113320765609431e-04
1.133398776892135997e-03 6.671448431443423310e-02 4.579801612067967848e-02 1.980591193114378137e-04 1.723975309869274497e-02 8.498209841549396737e-01 1.909530492936028015e-02
1.076448582316516002e-02 2.487778682785574472e-02 3.750293656997382707e-01 4.067588360612717116e-04 2.486042623594403311e-01 3.109862968977540887e-01 2.933104450930841198e-02
4.022044280171394592e-01 8.053489962359890175e-02 5.414682683767751276e-03 1.960548980423482254e-04 3.206748730689287230e-01 1.897978866698394884e-01 1.177182786786943247e-03
5.196038626799293070e-03 1.481486945546908393e-02 1.068285436733276521e-02 9.693026337027549344e-01 1.226698773315230076e-07 3.289779468477703597e-06 1.929057043157864082e-07
9.999690747261047452e-01 3.092886453130737535e-05 4.283427065315701617e-11 6.721620741083646706e-10 6.212375656551399035e-12 5.424291723790998010e-09 1.276012421809894815e-14
2.823591719970863713e-04 9.927386361360549527e-01 1.084701171203050822e-04 6.396859630399376708e-05 3.361631339480197800e-06 6.803200019639916996e-03 2.980654887456413111e-09
9.968900692462920876e-01 1.933217050179791840e-03 6.027923305305238474e-04 2.802410395340349024e-05 1.301043148800792859e-04 9.269006130735224286e-05 3.230927455741294829e-04
2.405486042052507323e-01 5.208631762303411739e-02 5.384681224077939588e-01 3.359741121239494428e-03 1.251720171794295233e-01 3.439229148760205440e-02 5.972904141526669090e-03
1.226124811219051446e-03 8.964132285118102672e-01 7.341378201908810817e-04 2.134875732281216242e-04 1.446359689597898188e-04 1.012681793887168225e-01 1.986841777246173248e-07
7.180008225142955336e-01 7.880696851294487215e-02 7.899104239768348079e-02 3.221763324181665770e-03 2.680170076899230508e-02 9.289698456879705302e-02 1.280704371674801310e-03
1.384065748934517563e-03 1.444086122082808296e-03 2.980613541585626185e-03 8.868648456200389557e-05 1.190767607593443307e-02 1.391790997548980710e-04 9.820556968450546709e-01
9.977336013317108510e-01 9.327982954246749939e-05 2.020375650129864042e-03 1.938530821085748920e-05 7.373044724516830955e-05 2.445460440227975731e-05 3.517374468597664447e-05
3.159337246790528408e-01 2.678948295768350529e-02 2.192055239900946584e-01 3.096846868097782313e-01 2.644655578216770567e-02 2.074854170312390126e-05 1.019192762090824489e-01
1.700736255032779835e-03 2.051555524670770764e-02 1.558055301014974262e-02 9.621965444087982045e-01 4.686935959715891566e-08 6.261546824517646950e-06 3.108604554244442676e-07
1.763017808850116195e-04 1.042812237974812758e-05 4.799250517692143733e-05 9.997652763128280773e-01 1.692618735553516417e-11 6.159105925031528199e-14 2.556963604668907994e-10
3.316633936192374399e-02 2.171542999467419681e-03 5.560855777561664048e-01 3.225351028889417715e-01 1.357673108657763729e-02 6.200581531940918165e-05 7.240269266883841981e-02
9.644089338726189245e-03 6.887020218372345015e-01 1.048741029610391756e-01 8.878010612061188606e-03 4.072622233851461333e-03 1.837279168050736100e-01 1.012371580328541571e-04
2.876573981717229014e-02 3.226403533248230898e-02 8.199855923652649148e-01 8.928030731156468003e-02 2.905458179768174998e-02 2.204096248897258171e-04 4.293268447872833154e-04
1.097633014782331898e-02 1.478389754542149687e-02 8.946757478115614434e-03 3.932954137508204375e-04 2.697296570986509323e-01 5.611386055534239858e-03 6.895586739480495941e-01
3.045973161421716147e-01 2.042439582801307708e-03 6.446668750047683805e-01 1.466046808345709091e-03 4.447936752345413303e-02 2.002027483467827378e-03 7.459309863406815566e-04
1.365771355107426588e-01 1.111107916943728929e-01 1.533470971137285144e-01 5.313475621864199860e-02 4.751259715855121746e-01 3.027381328749470524e-02 4.043043757090344914e-02
5.229113968962337960e-02 7.069728497299365699e-03 8.240659412741661027e-01 3.133692723698913718e-02 3.681756196077912852e-02 4.718637301819399166e-02 1.232334397500380778e-03
1.790873270741677399e-06 4.425206618141825051e-08 9.628144645787983994e-06 9.999885451793670832e-01 6.125605184775076419e-11 6.108156789651241660e-16 9.095746566445905143e-10
9.999530923366546364e-01 4.893990953059806211e-06 2.129203352110247443e-05 3.371418169265767359e-08 2.643252169922001492e-07 2.008436804876393019e-05 3.468543023997628645e-07
9.729291445016861051e-01 3.852618204764439707e-03 7.360362739495940462e-04 2.198255139899174581e-04 1.960599827732949219e-02 5.113828877920667402e-05 2.605239819822600077e-03
9.994711995124816450e-01 5.081617874989297024e-04 8.983447297390087662e-06 9.362331786073230471e-07 7.867913306822638686e-06 2.862075223208975838e-06 3.141789147660465120e-10
9.945752626657485829e-01 3.621058780901193885e-03 2.961352397604366628e-06 1.919972964524452319e-06 2.181583293787165697e-05 1.776142363152346604e-03 8.426286146828720563e-07
3.210780637338757626e-01 3.741001007379964050e-02 3.243496608734131037e-01 5.980518596988986663e-03 1.236073909886181293e-01 1.643415488768368848e-01 2.323281564516946687e-02
6.018065459909848619e-02 4.558332579181296682e-03 1.083335068484302631e-02 2.427276885430273989e-04 2.773307066480629191e-01 1.265514772726646781e-02 6.341990847140550613e-01
8.781781527400016607e-01 1.053874775301665012e-01 8.065728423025575380e-04 1.918497882707015465e-04 9.306705084259192908e-04 1.446213034199900042e-02 4.314832841316729444e-05
2.270594827597960733e-02 6.197643199935555514e-02 3.547763361362740731e-02 4.672844364176853495e-04 5.298667701077647285e-02 8.256693121790885659e-01 7.167071497838151464e-04
1.505359453331038891e-03 5.948811773955822169e-01 1.369353690691059444e-01 7.128333500586450482e-03 3.758974083193606947e-03 2.555619224184192961e-01 2.288541570813151739e-04
2.291731022341991840e-04 4.057619306258856973e-03 1.765605073422193416e-01 8.166521209478377896e-01 1.287856695125810845e-03 6.865770370723112306e-06 1.205861518101301140e-03
7.277844084892421544e-03 2.513828221242874958e-02 2.220945135504007462e-01 1.100413475542154655e-03 2.515488386899232820e-01 4.864426343142986275e-01 6.397469096191344198e-03
5.166494107925245554e-04 2.107611091396277656e-04 9.936445182561874923e-01 2.632156488084547359e-04 2.014108814703376941e-03 4.075946625638965435e-04 2.943154346171468136e-03
5.349013234339508593e-02 1.009948674532097374e-03 2.052376524925421126e-03 9.433090335130691617e-01 1.335249208734623548e-04 1.074731481751067372e-08 4.972584327056495451e-06
4.587787792959716060e-02 3.452307882616878400e-03 8.264175520837306888e-01 4.546856342585670280e-05 2.958543223445303863e-02 8.915804521122482063e-02 5.463315592273829645e-03
1.935145194292999665e-02 1.877209385111927864e-01 9.464619189500808605e-02 6.614346092939377142e-01 2.917310244811233133e-02 3.599135739762005204e-05 7.637716334575089111e-03
9.942772781848907560e-01 5.589826478374249091e-05 3.015766265888828335e-03 1.051425906423801831e-03 1.384185436750726746e-03 2.145461040854071519e-04 8.915944549302625788e-07
2.774252470955252403e-01 2.545545758912339841e-03 7.133028863370418637e-01 3.934344915978726671e-04 5.384903015510644764e-03 8.833718295045401257e-04 6.461809071538482656e-05
9.854236310720443370e-01 7.648052869288903682e-03 2.272541158225465166e-03 1.061963466400754792e-03 1.509097784414962715e-03 1.902726927564538399e-03 1.819936057250437489e-04
2.186496343463659175e-01 3.516685757786035538e-01 5.234300771844573388e-03 4.039025865608891574e-05 8.412506463937460821e-02 3.402739141136407741e-01 8.119607634853309990e-06
7.116892845928668443e-01 2.121496756747364987e-01 4.486136374180204993e-03 1.468103954675825760e-04 2.008614927326561952e-02 4.629886790819000286e-02 5.143069521086545554e-03
7.492566325345250940e-04 6.717263555526733487e-01 1.832496589922811853e-03 7.181794555799570021e-04 8.040300343850503742e-05 3.248931723088026025e-01 1.403806322025635949e-07
4.701969803078100141e-02 2.697237842235411669e-05 9.512313765287399026e-01 5.858285637805238279e-04 7.382924000364710559e-04 3.566824072415286781e-04 4.114960577064508021e-05
5.674748674690949574e-07 1.888726517135360858e-07 2.335154723919004045e-03 9.976623964309692116e-01 1.556552364996846101e-08 5.195383572267600344e-10 1.679023700879578214e-06
8.259155221458059151e-03 9.846314728260040505e-01 1.678452718115295292e-03 5.757119686677469438e-04 2.404342451211505184e-04 4.610450533655239234e-03 4.311896397144465404e-06
5.620329330861568717e-01 2.023406098596751759e-02 3.631130311079323048e-01 1.572284398462215878e-03 3.950582020916044990e-02 1.286776172972167905e-02 6.741022860887824295e-04
6.552881186129524971e-02 3.045475320101104569e-02 5.478261741227470616e-02 8.492164668440819186e-01 2.183420056201257190e-06 1.247464010209293048e-05 2.686493719394889097e-06
2.275036817789077848e-01 4.818890606611966887e-01 9.903504190966487541e-02 1.086866294313222209e-01 4.748166869278065694e-02 3.532720907824114104e-02 7.670481935065254111e-05
4.813076839309360193e-04 8.545519606297602433e-02 4.843067357037216247e-01 5.958107836286217346e-02 1.808935077278874676e-02 5.186811088002229574e-04 3.515676540881395584e-01
2.194193097343668242e-01 6.755697827041149406e-01 5.284669037675485126e-02 4.525184865924529454e-02 4.638525450791348807e-03 4.216958047655339236e-04 1.852138644917431442e-03
9.925978213548660722e-01 7.278591818451331935e-03 2.016232330025857151e-05 2.244029205119568851e-06 2.243639055950306068e-06 9.883960097659321776e-05 1.013705574198312014e-07
9.990819162130355480e-01 8.818097960550921790e-04 9.154425655357265651e-08 4.029770579305802579e-08 7.032721032558695815e-06 2.910521194830707672e-05 1.717155401500279640e-08
8.762935255508636292e-03 1.378659938910686844e-04 9.065726466709747577e-02 9.106671297843150093e-05 8.545797505881637390e-02 2.862404904550441961e-04 8.146066525578499196e-01
4.209382937755435511e-02 5.472709441557526561e-02 3.934151521325111589e-01 3.737138217547908599e-03 2.538986418396234623e-01 2.411052868003025762e-01 1.102285042405128437e-02
8.219365447759627852e-01 1.782893968746065982e-02 1.894286625320091774e-02 3.562522853826521787e-04 1.247640415839850886e-01 1.546603412250988248e-02 7.053209747391519721e-04
3.417701936581579725e-02 1.575704564856650206e-04 2.907150558865396334e-02 9.365821450948714766e-01 1.024478841449070297e-06 1.435446250948661686e-09 1.072418617141579543e-05
7.763814885984174873e-03 8.904507815837859885e-01 1.304607181045867046e-03 5.441475773795900273e-04 5.945630857218020451e-04 9.934131627902388628e-02 7.628041480067792679e-07
1.878478432854535575e-04 9.307753282785415916e-01 9.415771902894220786e-05 2.403324967474418210e-05 1.763705752398925259e-06 6.891686341259628534e-02 1.691794622660973557e-09
7.183136560954153649e-02 4.594176822900772339e-01 1.539932004362344620e-01 5.593075562865123954e-04 1.855016329674981368e-02 2.954447837546467781e-01 2.034985462023541881e-04
2.960330323461676100e-02 9.396648132801055375e-01 2.861836735373799595e-03 3.879897272781818391e-04 3.143107235632669645e-04 2.716766017372719902e-02 8.610894749287723556e-08
2.098524358309805382e-01 1.569567733412213784e-03 7.078954058140516370e-01 3.001414101254340733e-04 6.289995387983253645e-03 7.140981470147381160e-02 2.682642115623821120e-03
3.714893465177738358e-02 2.398948846492567066e-01 2.560706351662520586e-01 4.561044358508661301e-01 5.833655349520085708e-03 4.338433383606971755e-03 6.090284674792201128e-04
9.996426612138747947e-01 3.431753663743730936e-04 1.414331855611675517e-06 5.214054944476171232e-07 2.478571323958306104e-06 6.167027878488761839e-06 3.593391662724176971e-06
1.631726045976392842e-02 3.933562256861478090e-02 7.983681145310401739e-01 1.278685987577773617e-02 8.664854711852967850e-02 3.795769444317556585e-02 8.585895654978231012e-03
4.613101832568645699e-01 4.373337787389754983e-01 4.527806394355139014e-02 1.338019846079987508e-02 3.892128594219684823e-02 1.355561631098680612e-03 2.420930204607429914e-03
3.283572108717635468e-02 2.316059282049536816e-01 6.749215744435786701e-02 6.184586540912278239e-03 3.546553027699701766e-02 6.258746172487735793e-01 5.414615054542082449e-04
2.981450056843459873e-01 5.445762931321151778e-05 7.006052661314606800e-01 4.188024513307908348e-05 8.778545113545988161e-04 2.303404501444816874e-04 4.520002422838231539e-05
4.898002695888863112e-02 1.306088116193677680e-03 8.721523232758044974e-01 1.749243796832160996e-02 2.014937635860405973e-02 3.566714232376397981e-02 4.252594520912680344e-03
9.822553265094756680e-01 6.844347053555565989e-03 3.099434136839007443e-04 4.497441792818829615e-06 5.309670040244541048e-03 5.271319520921906310e-03 4.898835840866662084e-06
9.999862915277480946e-01 9.619047822373120321e-06 3.352271891613556221e-06 4.945449541787785897e-07 1.060327741102200908e-07 9.543455367069033624e-08 4.379277906891473905e-08
1.918127670045942090e-01 6.563733451813459352e-01 5.218653172778431500e-03 2.731137295719236052e-02 1.187282469496130921e-01 3.514043773775732404e-04 2.042029143194667984e-04
5.510103784356033124e-02 7.024806858362353610e-04 9.227871957421303062e-01 1.578525458826334242e-03 1.331215143552981310e-02 1.730991102995176273e-03 4.787612585132592670e-03
1.000000000000000000e+00 1.151952115793828354e-10 1.560279636096413688e-11 5.366795030384242269e-13 1.319261655330032504e-12 1.418793459756805986e-12 4.594030728015263919e-15
4.730103928013704856e-02 8.351490548520815183e-03 3.461952421441674144e-01 3.476895789441186713e-02 2.324895462021231707e-01 5.486129963725261231e-04 3.303451118199154934e-01
9.986427259445190829e-01 1.511765983084607610e-06 1.348839533797386832e-03 1.843529207017069805e-06 1.601375275072508584e-06 7.799290726553858585e-07 2.710346502379469950e-06
2.542957566241966713e-02 1.866597230080515105e-02 4.530403806129470329e-02 3.646376281812990913e-04 9.424763783346862267e-02 8.156720285117625702e-01 3.161011395934565328e-04
3.915843179711373835e-03 3.738815147153218364e-03 9.019688063859939708e-01 2.350651748311065499e-03 3.067617053631693097e-02 5.578806957608321848e-02 1.561638773746380944e-03
9.548527869582176253e-01 4.437216557897045305e-02 2.685984188858902947e-05 8.890863509201097007e-06 9.602628147291625553e-05 6.319897791632910801e-04 1.129509730640521023e-05
8.090342765489255846e-05 7.798557036013064291e-03 5.357272154942620962e-03 9.867626717686652782e-01 1.112644432250662380e-07 3.610218231523728974e-07 1.292977412435843196e-07
1.043344029039144499e-01 1.069946190342307146e-01 6.318568582832813085e-01 1.612816534005105662e-02 1.156304602697491579e-01 1.287996002123691086e-02 1.217553447233512935e-02
1.006170364707941259e-02 1.529615721758454949e-01 3.665988634526729517e-01 1.269983913749456357e-02 3.910943327844143003e-01 3.595601835245361075e-03 6.298808823223225883e-02
1.959552141372114531e-01 9.419696998549625944e-02 2.520868264648015722e-02 6.839238828793168246e-01 6.425066092401721368e-04 4.793384923854060114e-06 6.794724786004735181e-05
3.296320946421474329e-02 9.799713396350853006e-03 9.597994660492986663e-02 1.079861954553052762e-02 8.228905743360519498e-01 2.465632792562246281e-02 2.911603845714125921e-03
3.979665977440162948e-03 5.978891877686520168e-08 9.955771577358245583e-01 1.343134522819866459e-06 4.285350243299035594e-04 1.231733167763593395e-05 9.141512804333729206e-07
1.907998697599395943e-02 8.798114684224128679e-01 3.140589081245707265e-02 4.637678719518589787e-03 1.213774970936356071e-02 5.288321364670992009e-02 4.401890172085032277e-05
9.539808362722397295e-01 9.742376838112250248e-03 1.687925941136200064e-02 1.631485994067816191e-04 1.023366480745607938e-02 3.043811131057054965e-03 5.956902089110371890e-03
2.561710090958513319e-03 8.848623362189300158e-04 2.341136267874389942e-02 3.386930904355267476e-05 4.946024554374162281e-03 3.474905467244582356e-04 9.678146868944168535e-01
1.038114078733542479e-02 4.045894259366994618e-07 9.889856004714965287e-01 8.911477227382391133e-06 3.779991382049274935e-04 2.319349854890706574e-04 1.401138531388568199e-05
1.732246710365871120e-02 3.650776267677428941e-03 8.907284401357174614e-03 2.393737226311714109e-03 9.712640490266494231e-02 9.408708582476776612e-05 8.705052468180656255e-01
1.340866726779495373e-02 2.225087479200738060e-04 7.195943641662597701e-01 2.665094859898090585e-01 1.734077535209621677e-04 5.027693196156590770e-05 4.129784308929629414e-05
3.370597287282728135e-06 1.950748674578797653e-07 1.260881724865384884e-02 9.873035889863968073e-01 1.306618615256349216e-06 8.426925596899913737e-08 8.263955514433263640e-05
6.290479791350662986e-02 1.478296680725179647e-02 1.177359323017299238e-02 6.681827766806236989e-04 1.116773728933185272e-01 2.231890563925844652e-03 7.959611845016479892e-01
1.499129305989481409e-01 1.272682664450257989e-02 1.078102307440713115e-01 2.867742317357624177e-04 1.385713423695415225e-01 5.213447290658951294e-01 6.934717003605328500e-02
2.500919541111215963e-02 1.176285715948324588e-02 7.320500570535659612e-01 8.502567178802564185e-02 1.305951965739950427e-01 1.341318185564887265e-02 2.143834949383745074e-03
9.663362091989256830e-02 6.303170223440974773e-01 1.676934320191503514e-01 6.593425785471480893e-02 2.206090522649901617e-03 3.588765365893777787e-02 1.327920511342313122e-03
9.835625451803207131e-01 1.536381955382239498e-02 2.528247772630720579e-05 8.176549340163319032e-05 8.646252911830743394e-04 1.409253119773357092e-05 8.786219005742168465e-05
6.900765781104564178e-01 2.162764863809570753e-02 9.430205033393576630e-02 1.597640495607629552e-01 3.170525647146860138e-02 2.744788439350909020e-04 2.249932911581709050e-03
1.093919828068465050e-01 1.646093493036460131e-02 1.439218643307685896e-01 2.590758507722057402e-03 5.336809932813048052e-01 2.043624085767078297e-02 1.735172246256843076e-01
1.274221694702282470e-01 3.056773963544401210e-04 8.667467689514160023e-01 1.194588117105013303e-03 3.579443070120760188e-03 6.549025812029185415e-04 9.645927495391504289e-05
4.884915392845868842e-01 6.437864410690963268e-02 1.359948095306754146e-01 1.097277968892740253e-04 2.898157022520899684e-01 2.105225401115603731e-02 1.573262367583083568e-04
1.275224873609840937e-01 3.977353469841182210e-01 4.482033368898555858e-01 4.685487411588837997e-03 2.377950662021248787e-03 1.943452295417955750e-02 4.087337252817846406e-05
1.392395290732383606e-01 9.005860258825122699e-02 3.196031717956065998e-01 4.044174102693796069e-01 3.707591123413294526e-02 7.947817598178516518e-03 1.657558103543124110e-03
9.100934487581252563e-01 1.278462493882159302e-02 1.293255674717593744e-03 2.390872468317484302e-05 2.217040285962196180e-03 7.350504726112604137e-02 8.267531000106464426e-05
9.998560464382171276e-01 1.305282658572903733e-04 1.206599197939506886e-05 3.427842348472645141e-07 1.161430102448245730e-08 1.010444906329298401e-06 2.520851967902700435e-09
9.979200214147567749e-01 1.805124564634752547e-03 1.500421053142630960e-05 1.129855588757777757e-05 4.255044333998814508e-05 9.627861738925158185e-05 1.097265077154041557e-04
4.167431278074218361e-04 8.598234425880946566e-04 7.783709031529724431e-02 9.282632872896101237e-05 6.003052593878237427e-03 9.141171896457671586e-01 6.732661918317717686e-04
7.306533934861363273e-03 7.189389594830572494e-02 1.832384927547536790e-02 3.765702281634730948e-04 1.737888136267429218e-02 8.844703337550163802e-01 2.499343884375093672e-04
8.524128640419802866e-03 2.793263549592665904e-03 9.802274101972580089e-01 3.125016328522178637e-03 4.633716866883332876e-03 5.159640499464757156e-04 1.805077704511859208e-04
9.780233963326168286e-05 1.121140989620017514e-04 1.224832603375034532e-03 9.985652250051498813e-01 8.683535861257086379e-09 2.472378593103415211e-10 1.659834597517173575e-08
3.071181500330567582e-01 1.449235557112842770e-02 7.756334541365504653e-02 2.194313792861066550e-03 3.114938299357891127e-01 7.713166957837529376e-03 2.794248431175947456e-01
9.880316400527954235e-01 1.569144776549364923e-03 7.141215332776482821e-03 1.294200678966817030e-04 2.977693094699134391e-03 8.947635157525723755e-06 1.419408005457967127e-04
6.515882335603237485e-02 5.072936533391475544e-01 2.379222679510712701e-01 2.710617103148251633e-02 1.325156473834067650e-01 2.370064784307032713e-02 6.302795425144722304e-03
2.276532136090099745e-01 3.203692617127671532e-02 1.785177833586931162e-01 5.172793398087378348e-03 1.488406073185615242e-01 1.247704516001977015e-01 2.830082285823300459e-01
2.539884346424514574e-03 1.994482137346820377e-05 4.912397236194010301e-04 1.742468974397226578e-07 2.384021316456710286e-03 1.174498067314961299e-05 9.945529872179030839e-01
2.757271901030457062e-09 9.929616200489171672e-11 3.426136085802333787e-06 9.999965739250182839e-01 1.260981469072741893e-15 4.450150941468532860e-20 2.721320152613699335e-13
1.073381520355498614e-04 4.441038908575892219e-06 1.253507006680592943e-02 9.869124072790146363e-01 1.262958385607453472e-05 1.106544350751493015e-08 4.280941517375857781e-04
1.394734356130356845e-01 2.245455409345824878e-07 8.603545371443033218e-01 2.441087239247075142e-05 1.470452474083572280e-04 1.019185701533280276e-07 2.504905114569392977e-07
3.081435485364636406e-02 1.495886985603647181e-03 1.473530676703376299e-03 8.833982884311809044e-05 2.219968243764014817e-02 1.923904538044363162e-05 9.439089661836623790e-01
2.372538147680461340e-01 2.066525382324471173e-03 1.905023253522813431e-01 1.557151960660121438e-03 3.772872937843203545e-01 2.412909913993644198e-02 1.672037909552454849e-01
2.732624348485842430e-02 1.809591302764601908e-02 5.157277904450893180e-01 7.044661199761321872e-03 3.775972648058086717e-02 8.005870436245459895e-03 3.860397997498512535e-01
1.340577494527678964e-02 8.244392329454421908e-01 6.407925960957072458e-04 1.063107579921052028e-04 5.779194863038128189e-05 1.613500330457463827e-01 5.492616335794203560e-08
1.855350780882872655e-02 1.808932100669835607e-04 2.216603175475029188e-03 1.019644465742430846e-05 4.723642330616712598e-02 1.035532880251954801e-04 9.316988116502762374e-01
4.578977910801768081e-01 2.030998630821704842e-01 1.694220592174678908e-01 1.448846345487982135e-01 5.141453474279842652e-03 7.622505885024110977e-04 1.879194647452095412e-02
9.244102787971496538e-01 7.543855060008354541e-02 1.560272787400840492e-05 2.085278798598100264e-06 6.271378075853664987e-07 1.328514191014118517e-04 4.737353706093703009e-09
7.938578359782695326e-01 3.230664169648662237e-02 1.823089686644379856e-02 2.005576909909905035e-03 5.504140452016145074e-02 9.770400939974933918e-02 8.536263351561501362e-04
4.687260388769209363e-01 1.104317647441348596e-02 3.925633613206446215e-01 1.154537410638295097e-01 1.057173826175130706e-02 7.115584783300127987e-05 1.570787574019050312e-03
9.965693229436873857e-01 8.185465503607233400e-07 1.115279934292522307e-03 2.310835421934113749e-03 9.028233976700891622e-07 2.377457757519176641e-06 4.661141669333231655e-07
1.329803944739978844e-02 1.268398241046816144e-01 1.205538122812868131e-02 1.790710274008233777e-05 1.028449636432924273e-02 8.374986639618873241e-01 5.679760335652872697e-06
1.691674389265244993e-02 7.580909195530694325e-03 8.257848975062370700e-01 5.330284000228857535e-04 1.161301119788549774e-01 2.851804048088524626e-02 4.536275411592214507e-03
2.368196550560241857e-03 1.116891319213664301e-04 4.760484865435899289e-06 4.221274381249751115e-07 1.152646632891674055e-04 8.254155412061765943e-08 9.973995888233184726e-01
1.653974803863093174e-02 9.355407587491982408e-05 9.603714942932128906e-01 1.287274037385941448e-02 7.589892204778152761e-03 2.124839227338952679e-03 4.077333014811301750e-04
7.135979172587394448e-01 3.388839779305272137e-02 7.332758370786905677e-02 9.205776000953847394e-05 2.801053759118076261e-02 3.545027149535599081e-02 1.156332236714661121e-01
9.404035013914108232e-01 1.359684725059196429e-02 6.687665805802680413e-03 5.691379016184327957e-05 2.461674091056920491e-02 8.884741729179950614e-03 5.753593156841815999e-03
2.044390278123319193e-01 6.826737105846404641e-02 6.612319931620731783e-02 3.290567931544501144e-03 1.151198782259598430e-01 5.423392499983310522e-01 4.207052214405848406e-04
6.037212210358120813e-03 1.222822100296616504e-01 3.913398950360715278e-01 1.901277929391653743e-03 3.537077115281135609e-02 4.425999094918370291e-01 4.687206459553294800e-04
1.472672995738685264e-01 1.195332486175175284e-02 7.713448177278041662e-01 8.454656592220999734e-04 4.932899477425962964e-02 1.583036803234790652e-02 3.429730947609641555e-03
1.244238155731000051e-01 1.261323450942199989e-03 7.642448063194752228e-01 4.080107504717034360e-04 2.288897003607416950e-02 2.257703772825254539e-03 8.451537057087989135e-02
1.895207963301800275e-02 9.162136840820312988e-01 2.155011163836206725e-04 9.354399152698533563e-05 3.248509556797785270e-05 6.449244644958525285e-02 2.560072840777916335e-07
1.948213362773820766e-04 3.936899095997148487e-04 3.140741381366751826e-03 9.960272175073623391e-01 1.031053856557662089e-05 2.914128342874929286e-10 2.332207643359929283e-04
1.300704810401748512e-01 4.455330476071245581e-07 8.693593725003302408e-01 1.214959469769960626e-06 5.536052124466550855e-04 1.380681021869278920e-05 1.082055198686794524e-06
1.325056321173906371e-01 6.053030279581435302e-03 1.222058107028715229e-02 4.081739554458181651e-03 8.027257803082465948e-01 4.186492369917686751e-02 5.483133289089891626e-04
8.548074462936482946e-05 1.384290117243530778e-07 1.067854376015020578e-03 9.988455307483673495e-01 3.350015585057550322e-09 1.076394932057693400e-11 9.908192036967023818e-07
1.632905136943918370e-04 9.983104306459427146e-01 7.379450936241482796e-05 3.761281265678917342e-04 3.792682066879049285e-07 1.075968067571011566e-03 1.255359860619737872e-09
9.999821084737777754e-01 1.082320574048054641e-05 6.594531514543690011e-06 2.282326276608552377e-07 6.942820705171528676e-09 2.387196960164558569e-07 2.466442618212261797e-09
3.023004038928775103e-02 4.095187139596112715e-05 1.139014583179687201e-04 1.159625565858579668e-06 3.738359537891255968e-03 3.186520588620685459e-06 9.658724009990692361e-01
4.096708586918684509e-05 1.480156587809226473e-06 5.896338009733881444e-05 9.998985928297042802e-01 4.547455333691722646e-11 5.595399668730943118e-13 4.965953927880267925e-09
6.602032771706580760e-01 2.065690896846353874e-01 4.663218283763853611e-02 2.380240299862634824e-04 3.906364713096990848e-02 4.898161364990300838e-03 4.239561873109778251e-02
2.565275095228571403e-02 1.893304842524230411e-02 1.499472951143979993e-01 7.052639182657003541e-03 5.921281957626343129e-01 2.873064768209587783e-03 2.034130034036934487e-01
1.445042701438069288e-01 2.116713569313287691e-01 4.900122684240341142e-01 2.250173776294104797e-02 7.103745855391024877e-02 6.000624385196715732e-02 2.666634923843957798e-04
8.463525248771474729e-04 2.464322408968655604e-05 9.835745006799697654e-01 1.509301328565925381e-02 3.537619127564539862e-04 5.166334343164463250e-07 1.072113001077923367e-04
1.611340772733092230e-01 7.570431747706607428e-02 8.975106476063955674e-03 7.530840602517128168e-01 9.007772707445838283e-04 5.469113175507682147e-05 1.469629653024639862e-04
1.155265629524365040e-01 3.371178530715405741e-01 1.284507440589368332e-01 1.405162578972522086e-02 1.784274964686483056e-01 2.603502046724315636e-02 2.003907000692561335e-01
9.987514507770538508e-01 1.818411600660643757e-04 5.949704713944288124e-04 1.578919695559393487e-05 4.156463453479253712e-04 3.702833539918636864e-05 3.286558808425280082e-06
9.988070166110992743e-01 5.044371352198595288e-05 6.215632984640250859e-04 1.367399257388157699e-06 1.760590462879463248e-04 2.935150922601659286e-05 3.142011611726047856e-04
3.491505198925733411e-01 1.584163816832006022e-01 3.443248180439695966e-02 2.157802151668875056e-04 4.352360472017607895e-02 4.134576815925538606e-01 8.035502584812092989e-04
3.812989235110580966e-01 5.300847307487856902e-02 3.141680266521871268e-01 2.451316078950185190e-03 2.455273000523447990e-01 1.013099939300445744e-03 2.532854807650437596e-03
4.190844901022501567e-02 1.175763057987205679e-01 5.365129446983337713e-01 8.960839086648774918e-04 1.091429914114996728e-02 2.921499771391972700e-01 4.193344342525051778e-05
8.650254664535167795e-03 1.088221981481183286e-02 8.607134672999382508e-01 6.724647107330383993e-04 4.549138807109556759e-02 7.342882227036170995e-02 1.613891806488254707e-04
9.180586433410644620e-01 7.706300246454703129e-02 5.639382932119803510e-04 9.087251820384723065e-05 2.998334781457865622e-05 4.191246290548313741e-03 2.312491901568646295e-06
9.999996554851532382e-01 2.379707184058110663e-07 4.370662325713829611e-08 1.110478726660438192e-08 2.522182818944914647e-08 1.201048415312113249e-11 4.331077584348067728e-08
2.373640625854022898e-02 4.842736305681682812e-04 2.740995093336096207e-03 5.518121044019608397e-05 2.782778930896893099e-01 1.787330677405520951e-03 6.929179253056645393e-01
9.992222672700882269e-01 7.503541246894940330e-04 4.986288432634600029e-06 7.827027592174906284e-07 1.081054374146295204e-05 8.418675780853273239e-06 2.388841067748614814e-06
6.168145112693310117e-02 3.184375331504270268e-02 3.341634090617299213e-01 2.937796286423690652e-03 3.641599634289741649e-01 1.994715444324538234e-01 5.742071175045566217e-03
9.913470041751861750e-01 8.164640862398186635e-03 8.399075080430029648e-05 1.753235140775299839e-05 2.598284532995369310e-05 3.608294225580921518e-04 1.734687883230947703e-08
6.027235489431768123e-01 8.638343265163711537e-02 5.984448917472036389e-02 2.757746551069431128e-03 8.337204153416678809e-02 1.002131398118830726e-03 1.639166026946622945e-01
1.236352962700038895e-02 3.649535417753213291e-04 5.838222961872816530e-01 3.825296351686119922e-01 2.090317350783152395e-02 8.310700897906641703e-07 1.557952409278584691e-05
9.881105148792266313e-01 8.282285349364428353e-03 2.177996656592995383e-04 2.539685457941231995e-04 2.655289340914350916e-03 1.406758911220994687e-04 3.394653197062780020e-04
1.966242012440488733e-03 1.141139232786372304e-01 1.329895866010337990e-01 2.870202098391018766e-02 5.912265121936798318e-01 1.072467705083545303e-01 2.375494479063490830e-02
8.491349733667448441e-03 4.331984587013721355e-01 1.089461962739005640e-01 5.075410983408801258e-03 6.329031742643565286e-03 4.379350368678569527e-01 2.450821324543994543e-05
8.163292823545634791e-01 1.357257158013283690e-05 1.811478619748585484e-01 1.874620277835043836e-03 4.311120646048689688e-04 5.555218522513456634e-05 1.480067709570102061e-04
5.677043542638421370e-01 5.954271521477494562e-03 2.291683741658926132e-01 4.072602506377734355e-02 5.843294929247349473e-02 9.165268408310111540e-05 9.792236958164721172e-02
5.256169589981436463e-01 9.403433122730348037e-02 2.546093751909211250e-02 9.975040500535214364e-05 1.513106659939512655e-01 2.003944116602360825e-01 3.082949300696782337e-03
7.030114892404526472e-02 8.583097440004349155e-01 4.468161793774925138e-03 2.940302107090246933e-03 1.713512612022896056e-03 6.204614960122853407e-02 2.209789016828267493e-04
6.762824567407369480e-01 7.034470549479010168e-03 1.304146095132455163e-01 2.258170823915861580e-04 5.762479919590987598e-02 1.150447117997100560e-01 1.337313892254314920e-02
7.523899703829662374e-05 1.087230203562169518e-03 6.932398568471398459e-02 9.294175821542739468e-01 8.973075879995809167e-06 4.989964222271626884e-05 3.708633126681349030e-05
9.160644457116723371e-01 2.756637991438765437e-02 2.426561532183768664e-03 9.717623449091661260e-05 2.586597361087115011e-03 4.894516716812433166e-02 2.313667736889328790e-03
9.353540652990340876e-01 2.204312895715702242e-02 3.845946897932890195e-03 3.125206716765660335e-04 1.328540476449404685e-03 3.704813161104539287e-02 6.765871259649002998e-05
6.042270913458196863e-03 6.022384466952643983e-02 6.500939916819334363e-02 1.082983895521465395e-03 2.795061347307637237e-02 3.534796402732354398e-04 8.393374156951903808e-01
2.520005669384772838e-04 1.204560117125802533e-06 9.991232663393020408e-01 3.560114796215540988e-06 5.100694490192835993e-04 1.012267393755195187e-04 8.660899780230658083e-06
9.759699332714081299e-01 4.224487488093051114e-06 2.263296908383381420e-02 3.996601950372813340e-04 8.307651130070325702e-04 1.613688443820027174e-04 1.076656001097614148e-06
1.151092426880495596e-04 9.678138124942780030e-01 1.070995235681948608e-04 1.072241467386447831e-04 2.397269255354217607e-06 3.185435813153162515e-02 9.445874498060407835e-10
6.219347534701227809e-02 3.785473348107189218e-02 5.938115872442721876e-01 8.166676521068439581e-03 1.982625725306570441e-01 7.890062443912029821e-02 2.081033978029154380e-02
8.676105275750159995e-01 1.274562817142577964e-01 7.077602250539883168e-05 2.586005682747583023e-04 4.567753495721262567e-03 1.502358370424894362e-05 2.102953089583081814e-05
2.853301394684240044e-01 1.975011899212830648e-04 1.172987689217552532e-01 5.744759321570924523e-06 1.852059412484322737e-02 9.705138096184715447e-04 5.776767395623028101e-01
1.249774461431263416e-04 6.190104468829860443e-04 2.104211586953397164e-05 9.992349368333816040e-01 1.586449462052016011e-09 1.206484126804352216e-13 4.245397043630555399e-08
2.970432458226368470e-06 5.768862802836690360e-07 3.496648904001631243e-04 9.996467769145965798e-01 1.286361479140432855e-09 2.896143240029980843e-12 8.545257648854068641e-09
1.117194264894351419e-01 2.932050548522965872e-02 1.452589545340742840e-02 7.233808644377859223e-04 9.682236635591834339e-02 1.655174085999000435e-04 7.467229157686233743e-01
8.066168819367885989e-01 1.591428912070114079e-03 1.478964364076091331e-01 4.066014643331072615e-04 4.346938464441336969e-02 1.382170121857484412e-05 5.441189464492346790e-06
7.715701473898661789e-03 1.484859972370031721e-02 5.263688158243894355e-01 5.643471062455773546e-05 1.422420564107596853e-02 4.367732076789252460e-01 1.303800202279603507e-05
6.178543978184461993e-01 1.357269983971491449e-02 2.545889867702498879e-02 2.161977615614887448e-03 2.546731334924697832e-01 3.021681006607650644e-03 8.325720237451605943e-02
9.917373818159103127e-01 1.105566006822300611e-04 2.526073925473610714e-03 5.536035107252246061e-03 8.493851817860331667e-05 1.281266368977689994e-06 3.737282431375277202e-06
7.675288184691453700e-03 5.704811397008598128e-02 7.859663069248199463e-01 1.206751345936208919e-01 2.822432205575751279e-02 1.080353205829442969e-04 3.028017040423946994e-04
3.539998591877520362e-02 6.164867313145804733e-05 9.518243730068206565e-01 5.555603114430596016e-05 1.186416397104039788e-02 7.211105110991411580e-04 7.316714119042444996e-05
5.794817677140235990e-01 7.489777874434366822e-02 2.637695328891277446e-01 2.334290858823806145e-02 5.316135854925960191e-02 3.614249887032201531e-03 1.732395971630467128e-03
2.391233573900535675e-02 2.725299883261322886e-01 5.181478351820260203e-02 5.025640889653004532e-03 1.778558505699038561e-01 3.277580880746245318e-01 1.411033140774816397e-01
8.181778898835182501e-01 6.463035642751492615e-02 1.239416761032771305e-02 3.639269125960709083e-04 6.942802919365931129e-03 5.443303273793844398e-03 9.204754548612982534e-02
6.976567870937287752e-02 1.067289862781763132e-01 4.032721579074859397e-01 1.050341244204901214e-02 1.432768947631120615e-01 2.619373579695820631e-01 4.515509689808822925e-03
9.999996554851532382e-01 1.012292063352863601e-09 3.116110653809087256e-07 9.948645018526054015e-10 2.503038751759403161e-08 1.300897773763259229e-08 8.908812333049925187e-14
6.643620200884470120e-04 7.637358561714790691e-04 1.672852512681856710e-02 9.100990617298520939e-05 1.865811557945562527e-02 5.602634238411496491e-04 9.625339907407760576e-01
2.801016407991482882e-02 4.277771544748247903e-03 3.444493986153975285e-01 9.023174698995717823e-05 1.821628848032560283e-02 6.046919651934876683e-01 2.641773338064012911e-04
8.856410182267427933e-01 7.730515082211542293e-05 1.096060233331013489e-01 5.042792927393624692e-05 2.057484008383862664e-03 9.434849265839684827e-04 1.624259411783122650e-03
9.292543539404869435e-01 5.770915283237627522e-03 4.186723114978718545e-04 6.153212402937313641e-06 5.194491950003794073e-02 1.260459250685016727e-02 3.902803282842734654e-07
6.599691444635391591e-01 1.168600980564951930e-01 2.545912180910818445e-02 2.384991584312956515e-04 5.728006422054022356e-02 6.100096876267344093e-02 7.919210113817826135e-02
9.999117934703827260e-01 2.244903990819557826e-05 4.259749161678261448e-05 6.706103108353178746e-06 1.380914595220050825e-05 5.680526112800799834e-08 2.596900333351470720e-06
1.328219334063760436e-03 5.569425951398443778e-03 6.570394852757454052e-01 1.245677340266411123e-03 1.512765751406550396e-01 1.453372053301427436e-01 3.820341155107599002e-02
9.939306575059890791e-01 9.735439228461473726e-04 7.169824076800068464e-04 1.139440096877830663e-06 3.816396308836829052e-03 5.603780822126580618e-04 9.041940966203476945e-07
4.494219325482845528e-01 1.082403891533613161e-01 1.463875367492437352e-01 3.048538535367697599e-03 1.477087455242872271e-01 1.425871046259999386e-01 2.605759254656731926e-03
1.218796213949099178e-01 4.431648677257271694e-04 5.012767030275426701e-03 2.083611330431267604e-04 6.717073911742772740e-02 4.238973531215606353e-05 8.052429491281509755e-01
4.518970613926648894e-01 2.301759765576571193e-01 2.067655129916965984e-01 5.110178609844297226e-02 5.923124380409717366e-02 2.429272526183012912e-04 5.854885169173939825e-04
6.212531799959175268e-05 5.227366971391651742e-08 4.445231926329142741e-03 9.954921466112136574e-01 2.801142840668366425e-09 3.200686321668633304e-11 4.408648757370236902e-07
2.451570260454900407e-03 9.250207817554474410e-01 4.150928293165634365e-04 3.379639174454496242e-04 2.876017287235299442e-05 7.174563470296561885e-02 1.949758312935756447e-07
4.493693557567894625e-02 7.900341126322746321e-01 9.158590868115425165e-02 2.616950703319162116e-02 1.873549076030030930e-02 2.796553266118280423e-02 5.725207400610088674e-04
2.600203403504565414e-02 6.249906559288501695e-01 4.022202560328878157e-02 3.009253031341359123e-03 1.092178981984034264e-02 2.948439299315214202e-01 1.031337364885587208e-05
1.481553531833924332e-02 7.138440193608402984e-02 4.977877887431532422e-02 3.850134075619280217e-03 1.184718789113685528e-01 7.412342530488967851e-01 4.650189609901644915e-04
3.442982853576541102e-01 4.742746305710170661e-03 1.456118013150989876e-01 7.095702253049239461e-02 2.656586179789155455e-01 5.351103294185577440e-04 1.681964261643588421e-01
8.993441373109817283e-01 9.245295446133240669e-02 1.499447717933435247e-03 3.074957330245524628e-03 3.374804738359671276e-04 3.271959806558015754e-03 1.906303254259000837e-05
1.328040310818323719e-03 5.259310274617746278e-02 1.001424767971911996e-02 2.335114305242314123e-04 5.038509753285324785e-04 9.352942758798599154e-01 3.297169461632165540e-05
9.675647026300430165e-01 1.081036701871198637e-02 3.781415196499438133e-04 1.616853640795667914e-06 7.611157332985385698e-04 6.686593993165956817e-06 2.047737256576283305e-02
8.375249738310230896e-02 6.994083614055706755e-07 9.159801854193210247e-01 2.261537884251652031e-04 3.829857220203792010e-05 2.352645854316898778e-07 1.931572474803272425e-06
7.255183482915162907e-01 4.766824654416268372e-04 1.102696054661646552e-01 1.632585975818801605e-01 6.763012570075944074e-05 2.080120034382448738e-04 2.011224007310374949e-04
9.935999387502669755e-01 5.075635397131060024e-03 9.220829786589662973e-05 1.759154553213721684e-06 8.540582363278911360e-05 1.142429621318260874e-03 2.629717257507384403e-06
9.622930169105530229e-01 1.144211220353952329e-03 3.855664619726132791e-03 1.009350067212120862e-05 1.015137301868910234e-03 3.059211584837464096e-02 1.089764455863811120e-03
3.057833951199427358e-01 2.038219985638534029e-04 1.715485382080078058e-01 5.220931651722640066e-01 8.856109596621309298e-05 3.930248326775888368e-07 2.821210521074135765e-04
5.599752559512853889e-01 3.134228992555290194e-01 5.249159929109737527e-02 1.194406585913384417e-02 3.364773162407800472e-02 1.431376699596512495e-02 1.420468278491171001e-02
1.770213538967072842e-01 3.487590871378779545e-01 4.373737005633301922e-02 5.648673638279432885e-04 1.553916288353502650e-01 2.742613832652568973e-01 2.643106147115759346e-04
4.968734027352183710e-03 8.752794495085253548e-03 9.076882360968738933e-03 7.002409560664091780e-04 2.513303327839821674e-02 3.727088770028785998e-04 9.509956014156341064e-01
9.145367729663849143e-01 6.995935562396072022e-06 8.521814868390947817e-02 4.125453208278541090e-06 1.265480705998822588e-04 9.717627893189303772e-05 1.023341431674042960e-05
6.114627767179627027e-02 3.912183429929427803e-02 6.722352908551693096e-01 2.038702405523508746e-02 1.526215212140232258e-01 4.660709411284187642e-02 7.880958033056231771e-03
2.215707383351400370e-02 1.574163606501770285e-02 8.628315496444701749e-01 1.446470255672466058e-02 1.374828775442438200e-02 7.021153653156943231e-02 8.452052205211658042e-04
9.923903882503509744e-01 4.803194968176285017e-03 6.408680876711514299e-04 1.446114277161996125e-03 2.442078410564363302e-04 2.030993364884892206e-05 4.549148041064654427e-04
1.736814046162180741e-02 9.313388788700103227e-01 5.077666272554779738e-03 8.066762341570666336e-05 8.607825940938340365e-05 4.604621009668335291e-02 2.357895272478982427e-06
1.905914922594092661e-02 3.499062873946968272e-02 4.328601049748249108e-01 8.811951152281835564e-02 1.992994096479378530e-01 1.011515369397102473e-03 2.246596751967445127e-01
3.048397459834814027e-01 4.689565144944936315e-02 2.559203873574733556e-01 5.710496951360255480e-02 2.849524805322289356e-01 4.296655903061036980e-02 7.320200907124672050e-03
4.722601933404803332e-02 8.404733830690384044e-01 2.035619198111817199e-02 3.361170685966499011e-02 3.473979506874456946e-02 2.350705295859370492e-02 8.584232508610512556e-05
6.871808481173502384e-04 1.377564302844913636e-05 3.503119481028989061e-03 9.957952755689620794e-01 1.535942375887453360e-08 1.505447746009570207e-09 6.230189672340457792e-07
9.637065583467483432e-01 1.699053872783906518e-04 2.262788562948116894e-02 2.895721136483189306e-03 2.347604921732227045e-04 2.127932083393089365e-06 1.036302624386735254e-02
3.812917250179452978e-03 1.312107600870149337e-04 9.786532336473464655e-01 1.038781461538746884e-02 6.653831149305915529e-03 1.217503192924596100e-04 2.392484597976363093e-04
1.598985824966803193e-01 2.922732512638503955e-04 8.320559301972388910e-01 1.802250054356591147e-04 6.869534323923290157e-03 6.602017941634131084e-04 4.324852959854297459e-05
8.572859324514865709e-02 7.375564444065093594e-01 4.748633432202040844e-02 1.197646206244826345e-01 6.293958191818092331e-03 3.020609496743418155e-03 1.494321251720975830e-04
5.515065036714077440e-01 2.082792422908823909e-02 1.693721608631312825e-01 9.786025005087139756e-04 1.933072229474782910e-01 6.337936808820814061e-02 6.282106164508150133e-04
1.462072401912882791e-01 4.497077589668333486e-01 2.613530211942270420e-01 5.880861362209543336e-02 3.743815761990845065e-02 4.161830898839980614e-02 4.866896733255998350e-03
