16384
1
2
4
5
6
7
9
32778
11
10
13
14
15
12
32783
16393
27
16420
38
32807
41
47
48
16431
32818
51
52
54
32823
56
32825
58
59
60
61
62
63
16448
65
66
67
68
32829
16447
74
75
76
78
79
80
81
82
16467
32852
16468
16470
86
88
16471
90
16478
94
32866
16483
32869
16485
101
16489
105
108
109
110
16497
113
114
32884
116
118
16505
16506
124
125
16514
134
135
136
32907
142
144
146
147
16535
16537
154
155
156
157
16542
159
160
161
166
167
16552
169
170
16560
178
180
32950
194
16579
16586
16587
203
209
211
212
216
218
222
224
226
227
228
229
230
16615
231
16617
33001
33004
236
238
239
16624
16626
243
244
245
246
247
242
249
250
251
252
253
254
33019
256
255
258
259
261
262
264
265
269
270
271
272
273
16657
275
33039
277
278
279
16659
281
283
286
287
288
16672
290
289
292
293
16678
295
296
297
298
16679
300
299
302
303
33071
33073
305
307
308
306
309
310
314
315
316
317
16702
318
16704
321
16706
16705
323
325
326
327
33096
329
328
331
332
333
334
336
337
338
340
343
33113
346
16732
349
350
351
348
355
356
357
358
359
360
361
363
364
368
372
373
374
375
376
378
16764
33149
381
383
384
382
386
387
388
16771
391
392
393
394
395
396
397
398
16783
400
401
16777
403
404
405
407
409
411
412
415
16800
417
418
416
420
419
422
423
424
425
426
427
428
33197
430
431
33200
432
33198
16821
437
33208
441
444
447
33215
449
451
453
454
455
458
460
461
462
463
33232
464
466
467
16852
468
470
469
472
16857
16855
475
476
477
474
479
480
33240
33250
482
483
485
486
487
488
16867
491
492
493
495
498
16886
503
504
505
506
16891
33276
509
511
513
514
515
516
16898
518
519
520
521
522
524
33296
16918
535
16922
539
540
33308
16923
16929
548
551
552
553
554
556
559
560
562
16947
16948
563
33333
566
568
16954
572
573
577
579
580
582
33350
584
585
586
587
594
16980
597
599
600
16993
33378
611
615
617
618
625
627
17013
631
632
633
634
33402
17017
637
17021
639
17022
642
643
645
33416
650
651
17035
653
17038
655
17040
654
658
17043
17044
661
662
17045
663
33425
666
667
33435
669
670
33439
673
674
33443
675
677
17061
676
681
683
684
685
688
33457
17076
693
694
692
697
17083
700
701
702
17085
704
17089
707
708
710
711
712
713
714
715
716
717
33485
17103
720
725
728
729
731
17119
17120
33507
743
744
17128
753
757
758
17146
33530
17148
17149
767
771
772
774
33542
778
784
789
790
17175
792
17177
793
17179
796
795
798
794
802
804
805
806
807
808
809
810
811
812
17197
814
16444
816
817
818
819
820
33587
821
823
17207
826
827
829
830
832
833
835
838
17223
17225
33610
33611
844
17229
846
847
845
17233
17234
853
854
17238
17241
858
17243
860
861
862
863
857
867
17252
870
871
872
873
874
33640
876
877
878
880
881
33650
883
884
886
888
889
890
891
33660
893
895
33663
33666
899
900
903
904
907
17292
909
908
910
17297
916
917
923
33692
33693
17310
17311
927
17313
925
933
935
936
938
939
941
943
17328
944
946
948
949
951
952
953
954
33723
17339
955
17340
957
960
961
965
33735
967
970
971
33738
973
974
17359
976
977
33745
33747
980
33748
981
983
979
982
986
987
988
989
17374
17371
993
995
996
997
17383
17384
33767
1000
1003
1001
999
17391
1008
17394
1012
1013
1016
1017
1020
1021
1022
17405
17408
17411
1027
1029
1030
1033
1034
1035
1036
1041
1042
33812
1045
1046
1048
1053
1054
1055
17441
17442
1066
17451
33838
1073
17458
1075
1076
33845
1078
1079
1080
33848
1082
1083
33850
1087
17472
1089
1088
1091
1092
1093
1094
1095
17482
33866
1100
1101
33867
1103
1104
1105
1098
33875
1108
1109
1110
1111
17492
33884
1117
1118
1119
1120
1116
1122
1123
33892
1126
1127
1130
1131
1135
1137
1139
1140
1141
1142
33912
1144
1146
1148
1150
1152
1156
33924
17542
1161
17546
1164
1165
1168
33937
1172
1173
1174
1175
33944
33945
33946
33949
1182
1183
1184
1185
33951
1186
1189
17577
1195
17579
17581
1203
1204
1205
1208
1209
1210
17596
1213
1215
1216
33988
1220
1222
1224
1226
33997
1230
17614
1231
1233
1234
1237
17623
1240
1241
17627
1244
1245
17632
1249
1250
1252
1253
1255
1257
1258
1259
1260
17644
1261
1264
17649
1268
17653
1270
34038
1272
1273
1271
1275
17655
17661
1276
1279
1274
1283
1284
1285
1287
1288
34055
1290
1291
1293
1296
1298
1299
1300
1301
17685
1303
1304
1302
1305
1307
1308
17691
1312
1313
1314
1316
1317
1318
1319
1320
34092
17709
1329
1330
1334
1337
34106
1339
1340
1341
1342
1345
1346
1348
1349
1350
1351
1353
1356
1359
1361
34130
1363
17745
1366
1369
17753
1371
1372
1373
1374
1375
17754
34145
1377
1379
1380
1381
17762
1383
1382
1387
34155
1389
17774
1391
1392
34160
1394
34159
1399
1401
34171
34172
34173
34174
17791
1408
17788
17793
1411
17796
1413
1414
1415
1416
1417
1418
17802
1412
34196
1430
1431
1432
1434
1437
1438
1439
17826
1444
34213
1448
17836
1452
34221
1455
1456
34225
1457
1461
17846
1463
1465
1467
17852
1477
1478
17863
17864
34249
1482
17867
1479
1485
1486
17872
34257
34258
1489
1492
1493
1494
1496
1497
1498
1499
1501
1502
1504
1505
1507
17893
1509
1510
1511
1513
17898
301
17900
1512
1522
1525
17910
34295
1528
1529
1530
1531
1534
1535
34309
1542
1543
1545
17932
1549
1550
1548
1554
17939
1555
1556
34326
17942
1561
1562
1563
1564
1565
1566
1568
1569
17955
1573
1574
17958
1576
1578
1582
17968
34355
17972
34356
1593
1594
1596
1598
17983
1600
1601
1602
1603
1605
34374
1607
17993
1612
1613
1616
1617
1619
1621
34389
1622
1624
1627
18011
1629
1630
1631
1632
1634
1636
1638
1640
1642
34411
1646
1649
34419
1652
1654
1655
1656
18038
1658
18049
34434
34435
1669
18053
1671
34440
1674
1675
18060
1677
34446
1680
1681
1682
18068
34454
1691
1692
1694
1695
1697
1698
1700
18084
18086
1703
1702
1705
1706
34475
18091
1708
1707
1712
1715
1716
1719
1721
1724
18109
1726
1725
1728
1729
34498
18115
1733
34502
34503
34505
1741
1742
1744
1745
1748
1749
1751
1752
34521
1755
1759
1761
1765
1767
1768
1771
1772
1774
1777
18164
1782
1783
1785
1787
1788
1789
1791
1793
1795
1797
1799
1800
1802
1803
1804
1805
1806
18197
18198
1815
1817
1818
1820
1824
18214
1832
1837
1839
1845
1846
1847
1848
1849
1851
18237
1854
1858
1860
1861
18246
34630
1865
1869
1870
1871
1873
18257
1874
18261
1878
1879
34646
1881
1883
34659
1893
1895
1896
1898
1900
1902
1903
1906
1907
18293
1910
1911
1912
1914
1915
18302
1918
1921
1922
1923
1926
1930
18315
34701
1934
1935
34704
1938
1940
1941
1942
1943
1944
18325
18326
1949
1951
1952
1954
1956
34724
1958
1961
1964
1967
34737
1971
1974
18359
1975
18363
1980
34748
1982
1979
1981
1985
1986
1988
1991
1992
1993
34760
1996
1997
18386
2003
2004
2005
18393
18394
2013
2014
2016
2017
2020
2021
2023
2024
2025
2028
18415
2033
2034
2035
2037
2039
2041
18426
2043
18429
18430
2047
2048
2045
2050
18435
2051
2053
2055
2056
2058
2059
34828
2061
2064
18449
2065
18448
18455
18456
2071
2074
2073
34841
34842
2079
2080
2081
2082
2083
2084
2086
2090
2091
2092
2093
2094
2095
2097
2100
2102
18487
18491
2108
2109
2110
2111
2112
34878
2113
2118
18503
2121
18505
34889
18508
2122
2126
2127
2129
2130
2131
18517
2136
2137
2138
2139
2140
2141
34910
2143
18528
2145
2146
2148
2150
2152
2157
18542
18543
2161
2164
2165
2168
2169
2170
2171
18554
2177
2179
2185
18570
34953
2188
2191
2193
2194
2195
2197
2198
2201
2202
34971
2208
2209
2210
2211
18596
18597
18600
2216
18602
2219
2222
18612
18614
2233
2234
2237
2240
2246
2247
18631
2252
18637
2254
2255
2256
18643
2260
2259
18646
2263
2264
2262
2266
2267
18654
2273
18657
18658
2276
2279
2282
35054
35057
2290
18673
2293
18677
2295
2296
2300
2301
2303
18689
2306
18692
2309
2312
35081
2313
2321
2323
2326
2327
2328
2332
2337
2338
2342
2343
2344
2345
35114
2347
2353
2354
2355
18738
2357
2358
2359
18744
2361
2362
2363
18746
2366
2368
2369
2372
2373
2374
2377
2378
2379
2380
2382
2384
2385
2386
2388
2390
18774
2392
35161
18777
2397
2399
2400
2403
2405
2407
35177
18793
2409
2412
2415
2421
18807
18811
2429
18815
2432
18817
2434
2436
2440
2441
2442
2445
2446
2447
2449
18834
2451
2450
2453
18836
35218
35226
2462
2463
2464
18846
2466
2465
2468
2467
18858
35245
2478
2479
18861
2481
2483
2484
2485
2488
2490
2493
2495
2496
2497
18882
2500
2504
2506
2508
2509
2513
2516
18901
2518
2519
2520
2521
2526
2527
18912
2529
2530
18913
2532
18914
18917
2533
2536
18919
18922
2541
2542
18927
2543
2544
2549
2550
2552
2554
2557
2558
2560
18945
35330
2568
2569
2570
35336
18963
2584
2585
18970
2587
18974
2594
2595
35364
2597
2596
2598
2602
2603
2604
2608
2611
2614
2618
35389
19006
2622
2623
2625
2626
2627
2630
2633
2634
2636
2638
2644
19033
2649
2651
2652
2653
2654
19039
2656
35425
2657
19043
2658
2661
2662
2663
2666
2667
35434
2674
2675
2676
2677
35444
2679
19061
2681
2686
2691
2693
19079
2696
19080
19083
2700
2702
2703
2704
2705
2708
2710
2711
2712
19096
2718
2720
2721
2722
35491
2723
19109
19110
2728
2729
2730
2731
2732
19116
2739
19124
2744
19129
35512
2747
19132
2749
2750
2754
19139
2763
2767
2768
2770
2772
2776
2777
2781
2783
2784
2786
2787
2789
35558
2791
2795
2796
35564
2798
2800
2801
2802
2803
2806
2809
2813
35582
2816
19200
19206
2823
2825
19209
2831
19216
19217
19221
2838
2839
19224
2841
2842
19223
35612
2845
2849
2850
19236
2853
19238
2854
2856
2857
2855
2860
2861
2862
2863
2864
19250
2868
2873
2875
2876
2878
2879
2882
2883
35650
2887
2889
35661
19279
2898
19283
2899
2901
2902
2903
19286
19284
2906
19290
2909
19294
2916
35686
2921
19308
19310
19311
35694
2930
35699
2931
19315
19319
2936
2938
19323
19324
2941
2946
2947
2948
2950
19339
2957
2961
2962
19348
35732
2966
35733
2968
35734
2964
2965
2978
19363
2981
2982
2984
2985
19374
2990
2992
2993
2991
35766
2998
19384
3001
3007
3014
3018
35788
35789
3023
3024
3029
3030
3032
19421
3038
3039
35809
19425
3043
3044
3046
3047
3048
19431
19436
3054
3055
3056
19444
19448
3065
3077
3080
3081
19465
19464
3087
3089
3095
3099
35868
3101
19484
3105
35874
3107
3106
3110
3111
19496
3114
19503
3125
3126
19515
3133
3134
19517
3138
3139
3140
19528
19529
3146
19531
3149
19534
3151
3152
3150
3154
3157
3161
3162
3163
3164
3167
3172
3173
3174
19558
35942
3175
3183
3184
3185
3188
3190
3191
3192
3195
3198
3199
3201
3203
3204
3207
3208
3210
3212
35981
35982
3215
3213
3219
35991
35992
3224
3226
3228
19613
19614
3233
36001
3236
36005
3243
3244
19632
3249
19634
3252
19636
36022
3259
3260
19644
3262
3264
3276
3277
3279
3280
3282
3286
3287
3288
3289
19673
3291
3292
3295
3297
19688
3304
3307
3309
3312
19697
3314
36085
3317
19703
3321
3322
36094
3327
3331
36102
3337
3338
3343
3346
3349
3352
3354
3358
19744
3361
3362
3365
19749
3371
3373
19760
3378
3379
3382
3383
36151
3386
3390
19777
3395
3396
3398
3401
19786
3404
3410
3413
19797
3414
3416
3417
3420
3424
3427
3430
3433
36204
3440
3444
3446
3447
3451
3453
3454
19839
3455
19844
3461
3462
3467
19855
3471
3473
3474
36243
19856
36248
3480
3483
3484
3485
19867
3488
3489
3490
3491
3494
19878
3496
3497
3498
3500
3502
3503
19887
3505
19891
3510
3511
3512
3514
36283
3516
3517
3519
19904
3525
19910
3528
3535
3536
3539
3540
19930
3547
19934
3551
3552
3550
3555
36324
3557
3558
19941
3561
3562
3563
3565
3566
36337
3573
3574
3575
36344
3577
3581
36350
19967
3585
19970
3586
19971
3588
3590
3594
3596
36365
3598
36367
3599
3601
3604
36375
3609
3610
3612
3613
20006
36391
20008
3625
36393
3624
3628
3629
20014
3631
20016
3632
3634
3635
3636
36400
36402
3640
3641
36410
3644
36413
3646
20034
3653
3655
20043
20044
3659
3661
3665
20050
3667
20051
3669
3670
3671
20056
3676
3679
3680
3684
3685
3686
3687
20071
3689
36458
3690
20069
3688
3694
20079
3696
3697
3698
3699
3691
3706
20091
3708
3709
3710
36478
3712
20096
3714
3716
3721
20106
3727
3736
20121
20122
36507
3740
3741
3742
20120
3738
20130
3747
3748
3755
3756
3757
36527
3760
3761
3762
3763
36531
3765
36536
3776
3777
20162
20161
3785
3787
3789
36559
3791
3796
3798
17037
3804
3806
3811
3812
20196
3814
3815
3818
3821
20206
3823
3824
3825
20208
3827
3822
20213
3829
3833
3834
3836
36605
3840
3841
3850
36618
20238
3854
3856
20241
3859
3860
3861
3862
3865
3866
3867
3869
3874
36645
3878
3881
3889
20274
3891
20279
3898
3903
3904
36672
20294
3913
3918
20304
3921
3923
3924
3926
3927
36698
3932
3934
3935
36703
20320
3939
20325
36713
3948
3949
3950
20334
3951
3954
20340
3961
3962
36731
3963
3969
20354
3972
3973
3974
3977
3978
3979
3982
20367
3983
3985
20369
3988
3990
20375
3991
3995
3998
3999
20387
4003
4005
4007
4017
4018
20404
4024
4025
4031
20416
4033
4036
4039
4043
36812
4047
4049
4050
20439
4056
4057
4055
4059
4063
4064
4065
20451
4068
4067
20453
4071
36837
4073
4074
20459
4069
4077
4079
4086
4089
4090
4094
4095
20480
4099
4105
4107
36877
4112
20496
4114
36882
4118
4119
20502
20505
4122
4126
36895
20511
4127
36896
4131
4134
20519
4139
4140
4147
20533
4150
4151
36920
4157
4158
4159
20543
4165
4169
36938
4171
4174
4175
4177
4179
4182
4183
4186
4187
20570
4188
4190
4192
20579
4196
20584
20585
4202
36968
20587
4205
4206
20590
20592
4209
4207
4208
36980
4212
4217
4221
20606
4228
4232
4233
4234
37004
4237
4240
4241
4243
4246
20632
4251
37020
4253
4254
37027
37028
20651
37036
4269
4268
20655
4277
20664
4289
37064
4297
4298
4299
37065
20683
20681
4304
4308
4309
20694
4311
4312
4315
4319
4323
4329
20714
4334
4335
20720
4336
20724
37111
20733
37117
4351
4352
4354
4358
4359
4361
4369
4371
4372
4375
4376
4377
4382
4383
4384
20771
20772
4388
4390
4391
4387
4393
4394
4397
4399
4400
20785
37171
37172
4405
37174
37175
4408
4406
4410
4411
4413
4414
4415
20797
4417
37181
4418
4422
4426
4428
4432
20816
20819
4439
4442
4443
4444
4446
20832
4449
20834
4458
4460
4461
4462
4463
4468
4469
4470
4474
20860
4479
4480
4481
20867
4485
4487
4488
4489
4493
4494
4495
4498
4499
4503
4507
4508
4509
20895
4514
4519
4521
20906
4523
37290
4525
37293
4531
37300
4538
20923
4541
4542
20928
20929
4549
20934
4552
4554
4555
20939
20940
20951
4569
4570
20955
20956
4573
37343
20960
20961
20962
20966
4583
4584
4589
4591
4592
4593
4594
4596
4597
4598
20982
20980
4603
4606
4607
4608
4609
4613
4614
4616
4618
4621
21006
4623
37393
4627
21012
4630
37400
37401
37407
4640
4642
37414
4647
37416
4651
37421
4653
37422
4655
37429
4669
4670
4671
4673
21058
37442
4677
4685
21070
4688
4690
4692
21079
4697
21084
4702
4703
4706
4707
4708
4712
37484
21103
4720
4721
4723
4727
4730
4731
4732
4733
4734
37503
4740
21125
4744
4745
21130
4749
4750
21136
4752
21138
4755
21137
4754
4758
21142
4203
21148
21152
4772
4774
21163
4779
21168
4786
21171
37557
4792
4794
21180
4797
4798
21183
37564
4801
4802
4803
4807
37575
4808
21194
37579
4812
21195
4817
21203
37588
37590
21207
4828
4830
4832
4834
4835
4836
37608
4841
4842
21231
4854
4856
4859
21244
4861
21247
4864
4863
37634
4867
21250
4869
37635
4868
4872
4873
4876
37644
4881
37650
4883
21268
4885
4886
4887
21272
4888
4890
4891
37655
21276
21278
21273
4904
21290
21292
21293
21303
4919
4924
4926
21312
4930
37701
4934
4933
4937
4940
4943
4948
21333
37717
4953
21344
37730
21347
21349
37736
4976
37747
4980
4987
4990
4994
4995
4997
21382
4999
5000
5001
21386
5003
5004
5005
5006
5007
21390
5008
37778
21395
37782
21406
5024
5025
5027
37796
5029
5031
5032
37801
5035
21419
5039
37808
5041
5043
5046
5047
5049
5050
5051
21439
5061
5063
5073
5075
5076
21462
5093
5097
5101
5102
21489
5106
5112
5115
5117
5118
5120
5121
5124
37892
5126
21517
5136
5139
5148
5149
21536
21542
5158
21551
5168
5169
37942
5175
5174
5178
21564
5180
21565
21571
21572
5191
5192
5198
5200
5206
5210
5211
5214
5215
5217
5219
21604
5224
5226
21612
5231
5232
21617
5234
5238
5239
21625
38010
5242
5244
5247
5250
5261
21649
21653
38038
5271
38039
5276
5277
21662
5279
38048
5281
5282
5285
5287
21674
38060
5293
21679
5298
21687
5304
21689
21688
5306
5311
5320
5327
5333
5335
5336
38106
5341
5343
38118
21735
5352
21738
5357
5360
21748
5370
5371
21754
38142
5381
38149
21766
5389
5390
5391
5392
5394
5396
5397
38168
21798
21800
5416
5418
5420
21810
5427
5431
38202
5435
5441
5442
38211
5444
21825
5446
21826
21832
5449
5451
38222
21839
5457
5460
5461
5466
21852
5468
38240
5477
5478
5483
5485
21876
5493
5495
5497
5499
21892
5509
5508
5511
5513
21898
5515
5516
21901
5517
21904
38293
5526
21910
5528
5530
38299
5533
5534
5535
5536
5538
38307
5544
5546
38316
5551
5552
5553
5554
38320
38327
5569
38338
5575
5577
5579
5581
5582
38355
21972
38360
21977
38361
5595
5597
21983
5600
5601
21984
21988
21990
21994
5615
38387
5625
5628
5636
5638
5640
22025
5648
5650
22038
5655
5656
22041
22042
38429
5661
5663
22052
5668
22073
5690
5691
5696
38470
5703
5704
22090
22091
5710
5712
5714
22100
5720
5721
22109
5730
38499
5733
22119
5738
5745
22130
5748
5750
5751
5754
5756
22141
38526
5761
5770
22156
5773
5774
5772
5779
5784
5793
5794
22178
22177
5798
38572
5805
5808
22192
22194
5809
22197
38583
5817
5820
5822
5823
5824
5829
5837
38610
5843
22232
5850
38620
5852
22240
22247
5864
5865
5867
5874
5875
5877
22261
5879
5880
22265
38650
5884
5885
5886
5887
5888
5906
22292
17457
22298
5916
22306
38691
5925
22309
5928
5930
5934
22319
5936
22318
5938
22323
38709
5944
22328
5947
38720
38721
5956
5957
5960
5961
5963
5967
5968
5971
5973
38754
22372
22375
38760
22378
22382
22386
6011
6017
6018
6019
6020
22407
6031
6035
6038
6040
22426
6047
6048
6049
6054
6056
22441
6058
6061
22446
6064
6065
6067
22451
22452
6074
6078
22463
38849
6084
6085
6092
6093
22478
6095
6096
38863
6098
6099
22483
6100
6102
6104
6107
6108
6109
38876
6116
6117
6119
22507
38897
22516
6134
6135
22522
6138
22523
6139
6140
22529
6150
6157
22545
22546
38929
22554
22557
6180
6184
6185
6186
6194
38963
6197
22583
22585
6201
6204
22595
6212
6213
22596
6211
22600
6218
6221
6223
6224
22610
6228
6230
6231
39000
22614
22620
6239
6245
39016
6254
6259
6260
22647
6267
6270
22658
22660
6277
6280
39048
6283
6284
22669
6288
39057
6291
22677
6294
6295
6296
6298
6300
6303
6304
6305
22690
39080
22696
6316
6317
6318
22702
6319
39092
6328
6329
6331
6332
39102
6341
22726
39113
6347
22731
6351
6353
6354
39122
6356
6361
22746
6362
6366
6368
6374
39148
1269
22771
6388
22772
6390
39163
6397
22782
6398
22791
6410
6412
6413
6415
22801
39186
6419
22803
6421
6422
22807
6418
22809
6423
22811
6427
22813
6432
22816
22819
6435
6446
6450
6452
22839
6456
6457
6455
39225
39226
22848
6466
6467
6468
39236
39238
39239
22853
6474
22860
6477
6489
6491
6494
39264
6497
6496
6499
39269
6503
6508
39280
6513
22896
6520
22904
6523
39292
6525
6526
6524
22910
6531
6532
6540
39309
6545
6550
6551
39327
6559
6563
6568
39337
6570
6572
39353
6586
6595
6604
39373
6612
6613
6614
6617
6618
6624
6625
39394
39393
6628
23013
39398
6631
23019
6641
6647
23034
6650
6652
39422
6655
23056
6675
6677
39445
39449
6691
39460
6715
39487
6721
6722
39492
39494
6727
6735
6736
23122
6744
6748
23145
6763
23151
6768
39542
39543
6775
23163
39549
6787
23172
6789
6790
6792
6793
6800
6801
6806
6816
23201
6817
23200
6818
6821
6822
39591
6827
6836
6839
6844
23229
6845
39619
6852
6853
39629
6863
39634
39640
6874
6875
6877
6885
6888
6890
6897
6898
6899
39668
6907
39676
23294
6911
39679
6912
6915
6919
6920
6921
39690
39691
6926
6932
6935
6936
6942
6948
39720
6955
39725
6961
6963
6965
6969
39737
6971
6973
6975
6976
6979
6982
6983
23366
39753
6985
6993
23379
23380
6996
39769
7004
23389
7006
23390
7011
39785
39786
7018
7020
39789
7019
23404
7027
39796
7029
23413
7033
7035
7036
23422
7040
7045
7049
7051
7055
23444
39828
39830
7063
7066
7067
7070
7074
7075
7077
7078
7079
23463
7082
7083
7086
23471
7088
7089
7090
7092
7098
23487
23490
7111
7113
7116
39886
39887
7127
7130
39899
7133
23519
7141
7142
7143
23530
7149
7154
39924
39925
7161
7162
7165
7167
7169
7172
39944
7180
7182
23567
7184
7185
7189
23574
23584
7209
23597
39981
23600
7221
7225
23610
7228
7230
23618
7235
7238
7240
7251
7255
7260
40029
7262
7264
7265
23652
7270
40040
7278
23662
7279
7280
7282
7285
7288
23678
40062
40063
7297
40064
7299
23688
23692
7309
7310
7311
23694
7312
7318
40087
40091
40094
7328
23713
40097
7331
7332
7363
7364
23750
7369
7370
7371
40140
7372
7373
23759
7376
7379
7380
7382
7387
40156
40159
7395
7396
7397
23782
7403
34037
7410
40182
7415
40186
7419
23802
7421
23805
40194
7433
40203
40206
7441
7443
7452
7453
23840
23842
23843
7460
7463
7467
7469
7471
7483
7486
7491
23876
7493
40260
7496
7501
7502
7504
7507
7511
23897
7518
7519
7520
7522
7524
7526
7528
40297
40304
23923
7546
7549
7554
40330
7566
23952
7570
7577
7578
7584
7586
40357
7596
40365
7598
7606
7607
7609
7617
7619
7620
7622
7625
7626
7630
7636
7642
24042
40438
24060
7678
40446
40450
7683
7684
7685
7686
7687
7688
40457
7690
40459
7693
7695
7700
40476
7713
24100
7718
40487
7726
7730
7732
7733
7734
24127
7758
40526
24144
7762
7764
24150
24158
40543
24160
24162
40549
7783
7786
7789
7790
7792
7796
7798
7800
40568
40584
24203
24206
24225
7851
24237
7861
7862
7863
24253
7870
24259
7878
7886
7887
7888
7891
40661
7898
7899
7900
7901
24291
7909
40686
7919
7920
7921
40687
40691
40695
7928
7932
7937
7938
24322
40709
7941
24336
7953
7954
7955
24341
7957
7960
7970
7974
7975
7977
7979
7980
7982
40752
7984
7989
7990
7994
7995
40767
8001
40769
8004
8007
8011
8022
8023
8024
8025
8027
24423
8042
8048
8053
40824
8060
40829
40831
40832
40837
8071
8072
24455
8077
8078
8085
8086
8088
8098
40867
8100
8107
8111
8113
24498
8115
8117
8118
8121
8125
8127
8131
8133
8137
24529
8147
8148
8150
8155
8157
8165
40934
40936
8174
8178
40949
8186
8187
8188
40969
8203
40971
8212
8217
40991
8225
8226
24611
24619
41003
8245
41014
41021
8254
8258
24642
8260
41029
41030
24646
8266
8267
41036
8270
24655
8272
8273
24658
8275
8277
24663
8283
8286
8296
8299
41083
8317
8319
8320
8321
41092
41096
8330
8332
8334
41102
8337
8342
41111
8343
8347
8349
8352
8360
8361
41130
8365
8368
8371
41140
8372
41142
8383
8386
24771
8388
24773
24775
8391
41161
8396
24780
24782
8399
24790
8408
8409
24793
8413
8417
8419
41188
8421
24803
8424
8428
8430
8433
8434
8435
8440
8447
8448
24833
8453
8460
8461
24852
41239
8473
8474
8475
41244
8479
8488
8497
8498
8503
8505
8509
8515
41291
8524
24908
8527
41303
41305
8539
8540
8546
8547
8550
8552
8567
8571
41341
24959
8575
8578
8582
8584
24971
8588
24978
8599
24987
8605
8608
8618
8619
8621
25006
41395
8630
8632
8635
8637
8638
25023
25027
8650
8651
8659
8660
8667
8668
8669
8670
8671
8675
8678
8687
8692
8706
25093
8719
8730
41498
8735
8736
25121
8739
8740
41508
8748
8753
8755
8756
8757
41526
8766
8767
8770
8775
8776
8779
41548
8783
25168
8790
41561
8794
8797
25182
8808
8812
25199
41584
8823
41591
8825
25208
8829
8833
8834
41602
8836
41606
8839
8840
41611
8845
8851
8856
41627
41628
8860
8862
8866
8871
8875
25259
8884
8892
8893
8897
8899
8903
8905
25293
8910
8919
8922
8932
41701
8935
25328
25332
41718
41719
25336
8952
8963
8972
25365
8987
8991
8993
8994
25381
8998
8997
9003
9006
9008
9010
9015
25404
9024
41793
41799
9036
41809
9041
9048
25435
9054
9056
41834
9069
18085
9072
9078
9089
9092
41864
9098
9104
9105
9106
9110
25495
9112
9118
9119
9120
9121
25506
9122
9124
9126
25512
9128
9131
9134
9136
9138
41906
9140
25524
9142
9144
41912
41913
9149
9153
9158
9161
9162
9163
9169
9171
9174
9181
9182
9185
25572
41959
9195
41969
9201
9207
9210
9211
41980
9213
9215
9218
9219
9220
25612
9238
9241
25626
9244
9245
9249
9250
42022
9263
42032
9266
9268
9271
9272
9274
9287
42056
9289
9294
42064
9306
9307
9311
42080
9315
9318
9324
25710
9326
9328
9330
25724
9341
9342
9347
42116
9350
9354
9357
9359
9364
9366
25757
9380
25766
25767
42153
9388
9393
42161
9395
9398
42171
42176
9409
9410
9412
9415
42188
25805
9428
25815
9437
9438
9441
25830
9446
42217
42219
9453
42224
42225
9457
9464
9466
9471
42240
9472
9475
9483
42251
9491
9496
42265
42264
42273
9507
25895
9518
9519
42286
9522
9525
42293
9527
9530
9531
9532
9535
25922
42310
42313
25931
25933
42321
25937
25940
42331
25965
25969
9592
9598
25990
25992
9608
9614
42385
26005
42391
42393
9627
42396
9629
9631
9634
42405
42406
9643
9644
9649
9654
9658
26043
9662
9666
9675
42447
9683
26067
9689
9692
9693
9694
26084
9707
9708
9711
9715
9720
26107
9725
9726
42495
9734
26129
9749
9751
9752
26143
26146
9763
9769
9773
9775
9780
9788
9793
26180
9796
9798
9810
9815
42584
42590
42591
26209
9826
9827
42597
26221
42609
9848
42619
9852
9860
9869
9870
9871
9877
42645
42647
42651
26268
42665
26286
9909
26294
9916
42687
9921
9924
9925
9926
26323
9952
9961
26359
9978
9979
42750
9983
9986
9990
26378
42763
26379
9994
26385
42776
10008
10011
26401
42785
26406
42800
10035
42806
42810
10054
10055
10060
10066
10077
10084
10088
10089
10101
10102
10106
10107
10108
10109
10110
10115
10116
10123
42892
10131
10133
10135
42905
42915
10160
26545
10163
10170
10171
10176
10177
10180
10188
42960
10196
10197
42967
10205
10216
26600
10218
10219
26604
10221
26601
42999
43002
10235
10243
10244
10245
10249
10250
10251
43018
43019
10255
10256
26642
10260
10261
10262
10263
10268
43036
43038
43039
43044
10276
10278
43047
26664
10283
43052
10285
43054
26671
10291
10293
10294
43062
26680
10298
26685
10313
26699
43088
10336
10337
26722
10341
10343
26728
10347
10353
10356
10357
43126
26752
10370
10371
10374
43143
10379
10387
10389
10392
43160
10399
43168
26787
10406
10407
10409
26794
10412
10416
10421
26808
43200
26819
10444
10447
10455
10460
26853
10478
10481
26871
26872
10490
10495
43266
10501
10503
10508
10509
10513
10520
10522
10523
26909
10536
10537
26920
10539
10543
10545
43320
10556
10558
26951
10568
10579
43354
10587
10589
10592
10593
43361
43363
43362
10601
43371
43376
27001
10621
10624
27008
10626
27017
10634
43404
10637
43409
10646
10652
10661
10669
43444
10677
27063
10683
27068
10688
43463
10695
10697
27082
10698
10700
10699
43466
43467
10706
10707
43477
10709
10712
27101
27103
10720
10721
10724
10726
43495
10727
27113
27115
10737
27122
10741
10746
10747
27132
27133
10750
10751
27137
10754
10753
10755
10756
10759
10761
27148
43533
27151
10770
27157
10773
43559
10797
43571
10808
43589
43590
10823
27209
43597
10836
10839
10841
10843
27234
43622
10855
10857
10860
10861
10862
27248
10873
10874
27258
10876
10879
10881
10886
43660
10892
10897
43665
10899
10900
10904
43673
43674
43672
27288
27301
10921
27306
43706
27325
10944
10945
10946
27336
10958
10959
27349
10976
27362
10978
10980
43748
10986
10987
10992
10995
27383
10999
11000
11006
27392
11011
27399
27400
11016
43783
27403
11021
11022
27407
43791
27408
11026
27411
27410
27416
11034
11047
11049
11050
11053
11056
11057
11058
11063
27449
11066
27462
11080
27467
43852
27470
27471
11099
43883
11117
27504
11122
11128
11134
11135
11137
43922
11155
43924
11157
11175
43944
11176
11183
27569
11186
27579
11196
11199
27588
11204
11206
11221
11229
44003
11249
11250
11251
44022
11259
11261
11267
11269
11270
44040
11284
11285
11287
11292
11297
11306
11309
11310
11311
11312
11313
11327
11331
27721
27722
44107
27724
11341
11350
44120
11356
44124
11359
11360
11361
11365
11366
44136
11376
11379
44153
11390
11393
11396
11398
27784
11405
11406
11414
44202
44216
11460
11463
11469
11472
11475
11487
11488
11489
27877
11500
27886
11504
27889
44274
44276
11511
27895
11515
44287
11519
11520
11522
11523
11524
11540
11546
11550
11556
11563
44335
11569
11572
44341
11574
27965
11583
27975
11599
44377
27995
11621
28006
11623
44395
11629
11633
28021
11638
11640
11641
11642
11644
44417
11651
44421
28040
11664
28048
11670
11674
11675
11676
11700
11703
11707
11708
11709
11710
11713
28113
11732
11733
28117
28130
28135
11759
11766
11780
11788
11794
28182
11799
28183
28186
11805
28191
11814
11825
11836
11837
11839
11848
11850
11855
28243
28247
11864
11866
11868
11882
11885
28277
11893
28281
28282
11899
11904
28290
11919
28307
28308
28310
28312
11928
11929
11932
11945
11954
11958
11968
11972
28359
11979
11981
11985
12008
28399
12016
12018
28404
12023
12024
28410
12028
12033
28423
12049
12084
12087
12089
28474
12091
28476
12098
12106
12108
28505
12129
12133
12142
28539
12163
12164
12171
28557
12175
12184
12187
12190
28576
12195
12196
12205
12206
12214
12216
12218
28605
12222
12224
12241
12242
12248
12262
28650
12270
12275
12276
12282
28669
12288
28682
12309
12311
12312
12313
28700
12317
28705
28706
12326
12334
12338
28729
12346
12348
12349
28733
12352
12357
12374
12375
12377
12389
12391
12407
12408
28797
28801
12422
12427
28814
12434
12437
28824
12442
12449
12457
28842
12465
12471
12472
12476
28861
12482
12484
28872
12496
28881
28892
12510
12512
12516
28905
12525
28915
12540
28926
28939
28940
28951
12570
28954
12578
12580
12588
12591
12594
12610
12645
12652
29038
12654
12660
29046
12666
12671
12674
12675
12677
12684
12685
29076
12703
12706
12730
12739
12740
12742
12745
12752
12757
12761
12765
12767
12773
12774
12786
12788
12796
12801
12804
12810
12813
12814
12816
12820
12828
12835
12837
12866
12867
12869
12872
12879
12880
12882
29271
12890
12892
12893
12894
12951
29336
12952
12954
29341
29342
12962
29348
12967
12970
12979
12986
12987
12989
12991
29381
13009
13010
13011
29398
13015
13021
13026
29414
29425
13044
13046
13051
13054
13061
13066
13067
13071
13077
13079
13080
29468
29472
29475
13092
13101
13113
13120
13123
29509
13128
13129
13134
13136
13149
13164
29550
29560
13177
29568
13190
29575
13193
13196
13206
13218
13220
29614
29635
13258
13272
13275
13276
29661
29662
29668
13285
13304
13305
13320
29706
29707
29708
13328
13330
13335
13338
13341
13346
13347
13349
13350
13358
13376
13381
13393
29783
29787
13413
29799
29809
29823
29826
13443
29828
13445
13449
29835
13472
29865
13488
29877
29888
29905
13533
13537
13552
13563
13567
29951
13572
29959
13601
13605
29990
29998
13615
13617
13619
13620
30005
13621
30003
13626
13627
13628
13631
13633
13636
13638
13645
13655
13670
13674
13675
13676
13684
13685
13690
13694
13696
13700
13701
30092
13709
13708
13712
30097
13720
13722
13728
13730
13735
13737
13744
13749
13753
13758
13759
13764
13768
13771
13772
30162
13783
30174
30177
13793
13818
30206
13822
30219
13850
13864
13868
13869
13872
13876
13877
30268
13886
13887
13893
13896
13899
30285
13902
13908
30293
30296
13914
13915
30298
13928
30314
13932
30325
30326
30343
13961
13968
30357
30366
13985
13991
30387
14003
14005
14014
14019
30405
30406
14029
30419
30423
14041
14045
14052
14053
14065
14073
14079
14086
30472
30473
14095
14106
30501
14124
14125
14127
30513
14136
14139
14140
14152
14153
30539
30540
14166
30550
14168
14174
14175
14180
14185
14186
14189
14200
14202
30588
30591
14214
14218
14219
14222
14229
14241
30631
14251
14253
14270
14275
14281
14285
30669
14294
30685
30686
14305
14308
30693
14317
14319
14326
30733
14352
14355
30741
14361
14362
14365
14368
30753
14374
30764
30765
14387
14404
14406
14408
14409
30796
14414
30799
30801
14438
14440
14441
14442
14444
14445
14451
14453
30840
14460
30850
14468
30860
14489
14490
14496
14497
14499
14501
30886
30887
14509
30895
14514
14515
14516
14517
14526
30911
14527
14532
14533
14535
14537
14543
30932
14553
30939
14558
14564
14570
14572
30963
30968
14595
14600
14601
14602
14605
14606
14613
31006
14623
31007
14628
14631
31034
14651
14653
31039
14659
31048
14669
14693
14695
31090
14722
14723
14728
14729
14740
14747
31138
14757
31141
14761
14766
14780
14787
31177
14804
14806
14807
31197
14813
14816
31209
14826
14829
14831
14832
14836
14837
31225
14849
31247
31248
14876
14877
14879
14880
14881
31270
31271
14888
14896
14898
31282
14902
31290
14909
14910
31296
14915
14920
14941
31334
14954
14959
14963
31350
31351
14973
14976
14979
31365
31366
31367
14981
14986
31377
14999
31384
15001
15003
15013
15017
15026
31419
15036
15037
15048
15049
15056
15057
15062
31451
15073
15074
15075
31461
15078
15088
15107
31491
15125
15127
15129
15139
31524
31530
15146
15150
31542
31543
15160
15162
15168
15171
15173
31562
15179
15191
15193
15195
15197
31585
31588
15213
31601
15223
15247
15260
15261
15269
15273
15276
31678
15296
15297
31685
15309
15315
15322
31713
31716
15333
15335
15336
31721
15338
15337
15346
15353
15354
15355
15356
15363
15364
15366
15378
31770
15397
15398
15404
15408
15414
15417
15429
15430
15434
15440
15449
31833
15454
15467
15469
15484
15493
31880
15501
15507
31892
31896
31899
15527
15531
31917
15549
31948
31950
15570
15580
15592
31981
15601
15615
15620
32007
15636
15645
15654
15664
32067
15686
15692
15693
15699
15701
15703
15705
15707
15713
15715
32103
32115
15734
32119
15748
32135
15780
15783
15787
15795
15807
15811
15812
32222
32223
15841
15847
15852
32238
32243
15863
32250
32252
32279
15899
15901
15902
32287
15920
32355
15986
15996
16007
16014
16021
32455
16075
16088
32476
32477
16105
16112
16123
32508
32509
16128
16129
32513
32537
16159
32552
32553
32554
16171
16169
16190
32576
32577
32578
32584
16215
16217
16221
16223
16237
16250
16251
16252
16268
16285
16291
16302
32703
32709
16326
16332
16336
16343
16350
16365
32749
32751
16377
