30588
2023
4458
28915
1241
3494
3277
3277
1119
3696
16007
4873
4462
2549
37421
1617
1624
4369
8840
3201
8588
3874
5370
5526
39080
2100
511
1627
9220
2353
7980
20121
2732
3551
9398
4417
8884
8660
643
5039
7700
288
295
293
16252
44003
9491
1849
15276
22407
1815
4883
7577
5032
23034
6920
1529
3056
2374
8077
844
863
23229
11406
4243
1755
6303
9274
14127
7863
4289
1744
8330
661
1636
317
16706
20867
21994
11546
30285
6347
12270
4904
4233
805
873
42116
1691
41628
20016
19503
9870
5499
917
17932
1131
14499
1649
3558
4494
2328
8296
9769
2878
24775
9271
43376
290
65
65
12814
5136
2447
7228
43404
2784
5820
7975
43463
3174
29038
4018
939
658
5874
3430
477
10131
1046
1944
4589
3903
10455
8766
11405
2936
10088
8337
17864
5007
7029
11460
2202
7891
9519
12660
1012
2570
40837
275
5206
27403
19528
13071
4593
2440
9530
35226
2626
3023
11285
9357
2856
20079
3138
6948
3191
22746
21542
1456
10695
350
3126
32778
1871
6277
7285
19904
2536
9921
2552
2903
5793
22130
11366
6134
16626
5217
23519
3574
594
41793
6157
21564
76
33845
38202
4485
6468
1268
82
9271
6677
37111
3048
42064
15107
17542
6727
11945
41799
18246
862
3862
2260
8651
4400
26664
10160
4817
871
28247
4706
14029
21290
2110
1697
7318
2838
20533
15527
2902
10219
14761
7522
5076
13393
8748
16448
19348
5239
6212
1603
41627
4359
13902
5650
3089
5389
6104
5390
11638
16302
41142
9350
14124
16857
2354
39676
42022
625
13728
14722
31225
5843
41130
259
8447
18508
31530
8671
8932
953
3765
32825
300
1189
3891
3995
7309
17955
1213
2445
23490
2608
2608
27470
33250
47
40330
7116
6976
2157
3249
7970
12214
9527
10371
6419
42960
15168
15986
8118
22119
2464
10249
1374
42393
2211
21333
34475
13134
18945
708
17177
17893
7909
30513
10387
5381
34172
34173
34174
10399
453
36391
7051
560
30686
9393
27336
6019
7027
2080
33723
8337
3653
13079
1522
13054
39449
701
5533
5534
5535
5536
27113
34145
7088
10255
13567
19206
812
18602
2948
7011
11848
11664
6280
1594
2842
4094
9631
67
334
40695
13730
10389
1437
13272
26752
6450
38526
6267
430
13932
789
3054
21910
37503
37701
8286
4987
10409
8637
8678
39789
909
11398
22523
1729
7713
3590
11250
20592
3665
2479
23678
20367
14849
34249
18834
3804
14352
9149
8053
12089
44216
3488
9054
2017
1075
30764
39944
27362
33416
34659
16579
3972
10176
2121
2039
34502
3280
5934
36731
25724
5031
30939
17310
13850
44022
22809
7332
12962
14898
11958
7161
7162
4509
6011
19632
17383
684
1745
22839
9218
3840
9098
32852
4449
3446
4519
12810
16365
19363
4411
8408
3709
20404
3862
19116
10759
33296
10900
4803
22382
1141
5696
13914
8998
7695
7403
7920
25922
14516
6038
1375
5343
12867
9877
7127
8048
14166
7079
2718
25512
13886
6641
511
1627
3776
3777
4073
1275
27001
4240
42447
8905
8687
2004
22463
4187
245
9483
1152
1646
1785
15787
11221
1418
9006
8042
4304
6763
4269
1224
8632
4413
397
470
2754
42597
3918
22811
33692
16542
13129
1563
39887
7082
9410
1777
33073
11979
20014
6102
265
1130
14659
6085
277
34434
42647
2652
2968
9453
11788
8428
9078
4179
10171
6107
1175
76
24127
511
987
1356
1359
22378
2400
15195
3596
303
4841
4095
8567
5773
7524
8086
2441
21674
2003
10205
1016
3760
22090
22091
2718
1273
6874
1161
7433
20274
1209
387
42313
32238
32279
2763
388
10677
4068
22554
22585
11155
9211
6911
10337
18689
5640
11356
40476
32537
1964
7800
25328
14902
4583
22156
36085
2889
229
29076
1803
2568
19110
39494
21689
27975
31585
8757
41161
14241
43038
28539
40487
39394
40767
524
239
2864
19934
14595
18744
30753
8991
36413
3697
599
580
33507
13701
8903
12703
15261
41111
14920
1726
10060
39422
7792
44040
7792
6254
7282
14139
13011
13605
1139
1215
28312
2021
9708
14747
7762
11675
2806
4063
14
14
415
1411
40194
30539
17038
1879
12816
6019
38691
2776
4329
11053
20213
19855
1752
10374
11511
1748
11058
8812
19688
11063
9793
378
673
44341
5601
1342
16489
26385
8203
17942
1380
4089
4090
4446
37407
7678
2079
1509
76
76
12049
4603
12108
3095
19558
5938
14317
2681
305
17241
10797
1260
11472
16478
2436
12516
1
1
25815
5198
4209
33004
28706
518
21679
7955
7238
8125
22522
3485
22232
25830
11882
4592
27877
12951
3420
9359
2168
27462
28476
7919
4653
5304
881
18011
40297
54
4017
5944
5850
12652
9693
37590
31384
3825
3207
482
39634
5139
5888
36283
2710
12275
38387
39830
34505
13638
18543
28801
3641
35982
5691
15260
4079
3030
13101
4943
27965
14451
3646
5794
15048
3210
10337
11249
5751
5118
25931
1912
3757
43673
43674
4807
296
8829
35661
21571
3552
1307
18068
37717
2290
3609
6497
5219
20584
20585
2397
14460
36559
28669
1250
9446
4391
1677
10347
9307
5730
15179
9986
4415
7225
258
12986
1765
31678
6296
4940
7758
2749
6520
15549
4997
23294
2558
2127
11099
14517
4509
12685
2421
35177
1621
1943
29560
29475
14623
135
3417
3598
3557
7189
6647
9003
8972
1195
22041
10263
76
11175
1791
2090
2434
6135
3383
6291
3636
5341
4399
3163
2237
18970
6138
3215
4351
31451
493
10873
645
42176
38620
7630
17225
26084
8582
5538
1119
39353
3152
12767
9142
1858
5485
1372
258
43944
2397
9174
12163
18912
20733
13676
14826
65
9036
2700
11524
17968
22647
12276
24959
3077
32884
10218
10751
4832
983
10135
2024
2542
7264
4297
2240
6936
14740
18091
14806
971
6508
13328
10520
796
2079
33443
22726
2429
2770
1646
40752
31948
19496
1205
28505
4186
8515
7584
10539
1817
359
3007
8417
24771
1681
2061
76
18793
35766
11206
6540
2530
2481
21152
8267
6421
6422
6361
3969
11904
2883
7380
3032
5124
5004
42800
3834
1030
12241
3491
33232
1316
1300
1301
9195
24987
1669
444
22441
26604
41606
4390
5483
1337
32749
1363
3834
6969
1041
9871
20772
2004
76
30387
1493
9749
7467
3710
36980
29661
22298
1782
21604
10987
27407
17243
17243
5226
60
356
135
272
18164
11026
3289
11
11
230
249
13
40568
8007
10407
9983
2379
1353
47
12028
6067
1631
6993
2966
3950
11463
10634
1895
3850
11134
39016
17482
2809
4414
18197
1083
11866
2306
8260
12739
4708
2767
14757
10886
10509
10337
14535
10221
4174
10481
12216
31770
17579
12774
32869
1848
14053
7469
15322
1203
877
14976
6845
20505
19129
11022
14003
573
8871
4990
2909
20956
12869
4876
3440
4158
5
7690
13628
25365
18430
5392
1759
12171
6852
6853
33735
1173
6260
7683
7684
7685
7686
7687
7688
2541
1952
974
76
18505
11839
1967
25992
1531
14787
1082
26129
14787
1082
38307
1029
5097
5075
6332
21625
9535
20966
2485
712
3413
19033
4891
37782
28130
5282
7452
21972
44107
24291
17292
12786
34171
19217
2585
6477
17627
965
10946
9692
16485
3309
2863
2485
3973
9525
3228
42161
6197
5822
39679
9110
20934
386
702
10244
30693
36248
39591
10839
12338
1900
28040
22451
124
4525
5867
9592
5879
1182
1183
13449
30206
17252
1233
11488
14959
5035
7240
23019
23422
2703
5960
13149
10115
15636
22546
31034
8430
3373
3988
26722
13674
14973
5029
12471
6318
40549
3133
8839
3859
846
511
987
16505
16506
14319
6935
15414
405
25168
8893
717
8833
21901
9110
14387
12804
12666
11021
17898
13537
8396
37730
39460
9263
8365
14409
24042
511
987
3670
3671
1250
633
76
17546
37575
4068
17223
42806
23618
6816
4842
2081
21983
18596
18597
32119
41864
6298
11313
8706
23444
5180
2357
2490
13164
8584
11327
15073
36938
5466
60
3998
5936
2663
9249
12970
40091
11540
17043
17044
1349
1803
2568
16771
2
5925
4598
23201
29381
1997
15748
10188
7006
58
14553
1893
29959
8539
14497
1535
20519
21125
14605
14606
3047
14229
3029
425
425
21735
5211
5554
1896
1
1
5554
5211
6017
12427
5175
8435
10353
4521
4393
21382
21293
16587
2388
10106
6793
2290
1510
4432
35245
1914
30326
10106
26359
2946
17596
757
4745
2050
2252
1317
13552
1308
7733
10876
4422
11563
6821
4206
14613
135
2506
2326
3264
38299
30343
17083
6108
43495
1017
12248
1721
17040
713
3337
5712
14406
397
470
2754
9978
19421
5916
9121
12377
27103
9860
34130
909
4377
27588
1804
9725
1017
1100
8317
273
2
29706
16852
29707
29708
3480
4538
6551
5656
30325
14136
4481
2497
13258
1556
273
37036
9649
43559
10861
4298
6863
16470
1337
31138
39549
12570
4031
7901
9662
14368
3314
2140
15276
31270
31271
14600
290
8127
2093
8474
2
10579
11
11
36713
3099
17339
41526
28650
20387
807
820
5733
357
1314
1314
1631
32355
2711
273
29635
9171
10976
11122
2730
5805
1878
16384
1671
2463
1224
14005
19444
10341
4552
5553
3667
6231
26794
4405
4621
8060
12334
1245
1353
1353
4299
7596
5600
154
27068
16514
34828
2148
7862
14723
3188
31334
14532
43409
6466
37736
13285
18491
13620
13619
9395
3954
3869
9072
15003
7149
7607
20091
36022
4692
487
17384
6612
24341
909
2296
1030
8225
511
39924
39925
7566
6979
2705
19310
1944
14605
14606
1463
14125
811
10592
12309
12023
12024
6354
1502
1123
3162
372
12476
17148
88
79
515
6388
355
3396
511
1627
3748
3812
3814
2921
6806
511
40357
3694
4039
1942
3973
479
36375
790
8117
40829
15378
3924
10720
8546
511
14200
6595
1093
37634
23379
23380
10444
14445
3167
4299
5930
17623
6491
12979
37174
23122
4112
1408
681
22791
22073
39492
9826
76
10700
2025
1698
4442
8127
3447
4114
23610
3634
19238
1642
1416
1505
