511
1627
3748
3812
1803
2568
19110
39494
7700
288
295
293
11
11
230
249
511
987
3670
3671
13285
18491
13620
13619
1803
2568
16771
2
5533
5534
5535
5536
511
1627
3776
3777
29706
16852
29707
29708
14787
1082
38307
1029
21983
18596
18597
32119
12476
17148
88
79
511
987
16505
16506
511
987
1356
1359
1
1
5554
5211
11099
14517
4509
4089
4090
4446
17083
6108
43495
1944
14605
14606
10579
11
11
14787
1082
26129
511
1627
9220
909
4377
27588
12171
6852
6853
6763
4269
1224
511
39924
39925
8637
8678
39789
5389
6104
5390
34172
34173
34174
290
65
65
7161
7162
4509
22090
22091
2718
1671
2463
1224
1944
4589
3903
5211
5554
1896
909
2296
1030
1316
1300
1301
1669
444
22441
397
470
2754
1
1
25815
397
470
2754
21125
14605
14606
15276
31270
31271
1782
21604
273
2
17243
17243
573
8871
4442
8127
10839
12338
26359
2946
17596
757
8839
3859
3210
10337
7079
2718
1017
1100
2121
2039
47
12028
76
12049
76
33845
2856
20079
3413
19033
60
356
14125
811
14
14
13134
18945
9649
43559
6421
6422
4521
4393
33723
8337
10221
4174
1353
1353
511
14200
7433
20274
6019
38691
273
37036
7792
44040
1509
76
8884
8660
76
18793
7792
6254
1617
1624
4405
4621
17898
13537
21382
21293
3373
3988
15168
15986
277
34434
10886
10509
2732
3551
6019
7027
76
17546
1016
3760
8474
2
76
10700
135
272
4158
5
4552
5553
7678
2079
12023
12024
28669
1250
10337
14535
1250
633
511
40357
6647
9003
20091
36022
135
2506
20584
20585
2889
229
14806
971
58
14553
9271
6677
1182
1183
17043
17044
4807
296
1017
12248
135
3417
9592
5879
2842
4094
2004
76
4240
42447
1175
76
2079
33443
3834
1030
953
3765
3491
33232
22726
2429
25328
14902
10337
18689
76
11175
15276
22407
1093
37634
23379
23380
1646
40752
14532
43409
3446
4519
1416
1505
3710
36980
5751
5118
60
3998
3277
3277
290
8127
273
29635
258
43944
11134
39016
47
40330
14826
65
1646
1785
76
18505
425
425
43673
43674
909
11398
1314
1314
2608
2608
10088
8337
9271
43376
2024
2542
3834
6969
2663
9249
12089
9149
2260
2397
3228
8296
2290
9446
487
14352
2863
2878
3488
9054
17384
6497
3609
14849
2328
16485
4494
44216
34249
1418
9769
2485
3973
8546
20367
5219
8053
4391
1563
3167
20533
13129
2902
7082
14445
2838
33692
16542
15527
9410
39887
1777
33073
2110
20014
28247
4706
4413
871
4299
42597
14387
10160
1697
8632
22811
7318
10444
21290
14029
11979
4817
3918
12804
4304
24341
37717
12666
5930
3558
36559
8042
9692
8225
4400
8651
26664
3309
6102
14460
14761
1130
6085
9006
14659
265
10219
17252
7189
22839
9218
30206
1745
3598
13449
11958
5007
3557
22041
2202
7891
7029
11460
684
1195
1233
1012
12660
275
9519
8972
2570
6011
17383
19632
10263
3840
40837
9098
17864
14898
4525
13850
35177
1943
28040
477
3430
124
515
22451
14623
29475
7332
12962
2936
22809
44022
11405
5867
29560
18970
19528
5341
13149
9530
10115
27403
2237
13071
2440
4593
22546
31451
5029
12471
14973
3133
493
40549
6318
3215
8430
31034
35226
4351
13674
26722
6138
6135
4449
5035
2434
2090
14959
1791
11488
32852
23019
23422
7240
8408
2703
4411
3163
5960
4399
3636
12810
16365
3383
6291
5206
19363
15636
1463
7228
15179
39944
19310
4415
9986
2447
6979
1765
10244
30693
31678
39591
6296
2705
7225
36248
12814
42161
3804
18834
6197
5822
24775
386
5730
702
7566
30764
1075
5136
9307
2017
10347
9110
20934
39679
25724
1900
2127
34502
5031
658
1123
939
12685
30939
2558
23294
17310
10455
8766
372
1046
4997
36731
10131
5874
5934
3280
2421
15549
34659
4940
12309
43463
33416
27362
5820
3174
29038
43404
2784
10592
7975
10176
3162
4018
6520
2749
7758
16579
1502
6354
3972
30753
18744
14406
7116
22298
29661
3337
5712
5916
6976
2157
9121
34130
19421
9978
3697
36413
1041
19934
23490
9749
7467
30343
38299
41161
2445
2864
32749
713
1363
524
17040
239
9871
28539
1213
33250
43038
14241
27470
14595
20772
5656
6551
4538
18164
9527
3480
13701
8903
42960
10060
4481
11026
6419
13
41111
15261
1726
14136
3289
14920
30325
3249
580
599
9725
12377
8317
7970
10987
1804
9860
33507
12214
10371
5226
27407
27103
12703
39394
11155
3032
22554
2883
4745
3969
11904
7380
22585
5124
1317
13552
2252
35245
4432
2530
2290
30326
1510
1914
4068
10106
6361
42313
387
2763
32279
2481
32238
8267
1209
21152
10677
388
1721
3995
7309
14613
21689
41606
26604
36085
3891
29076
4206
1189
40487
5483
17955
40767
1493
3264
1337
2326
4390
8757
30387
31585
27975
1964
7800
8932
5640
6911
42800
5004
10876
32537
7733
1308
9211
4422
300
11563
22156
24987
6821
9195
11356
32825
40476
4583
14166
5485
8048
7127
38202
6468
4485
1372
1275
82
2397
1268
27001
4073
6641
13886
3396
3574
23519
7920
7403
5217
8998
7695
6157
6038
14516
9877
25512
1375
21564
594
6388
25922
41793
6806
790
15107
40829
862
8117
18246
41799
42064
1942
3973
36375
479
4039
15378
6595
10720
11221
3924
3862
15787
9174
37111
8687
2004
3814
3694
2921
355
8905
4187
17542
12163
245
6727
11945
1152
22463
3048
9483
28312
2211
2023
1139
42393
1374
1215
6863
21333
4298
13011
2379
7762
17893
1631
10407
9983
14747
30588
13605
1353
11675
2806
1337
4063
16470
34475
6993
7909
39422
6067
2497
8118
22119
17177
40568
708
9708
14139
8007
2464
10249
7282
1556
13258
10861
2021
1141
33296
10900
2536
19904
22382
2552
9921
22130
4803
7285
6277
1871
19116
5793
10759
3862
11366
2903
5696
16626
20404
6134
2140
2966
21542
32778
3126
12767
3950
1456
10695
350
8286
2436
13730
4417
16478
1260
2909
14003
11022
10797
40695
20121
11472
4990
17241
13272
25365
5198
26752
4876
789
10389
9398
12516
7690
20956
13932
13628
12869
1437
67
334
2353
9631
3095
11848
2100
20505
6845
2681
14976
877
19129
7980
305
14317
1203
5938
19558
13902
14409
8365
9263
11638
3089
39492
41142
5650
16302
22791
24042
22073
39460
4359
1698
4068
37575
9826
2025
9350
37730
1408
5076
9453
11788
13393
2968
7522
42647
11021
8748
17623
2652
1603
16448
681
23122
4112
37174
41627
12979
6491
5239
19348
8396
6212
12216
16007
2080
17942
3696
37407
2549
13054
3653
1380
4873
4462
17579
31770
9393
5601
14757
9171
11122
10976
44341
2730
27336
26385
8203
16489
1342
3874
5370
8588
13567
19206
7469
39080
14053
3201
1848
12774
34145
10255
7088
18602
1594
7011
2948
6280
812
15322
5526
11664
12108
8840
1522
39449
13079
4369
701
27113
37421
4603
4179
20519
31948
1535
9078
8428
10171
14497
1205
28505
4186
3047
24127
6107
19496
2770
6508
13328
1893
8539
10520
796
29959
2061
10106
16587
2388
10205
2003
8567
4095
5175
7524
5773
3007
6793
11206
6874
1273
35766
6540
1161
8417
7584
24771
2400
15195
8515
3029
22378
14229
3596
6017
359
1817
8086
303
12427
4841
21674
2441
21735
10539
10353
1681
8435
5180
8706
31530
23444
12276
22647
6298
11313
41864
13676
13164
11524
32884
17968
8671
2490
9036
11327
24959
8584
2357
2700
3077
3634
16857
17223
14722
39676
2354
13728
14124
3447
23618
4842
6816
42806
2081
625
23610
18508
8447
20733
18912
42022
4114
5843
31225
41130
259
15748
1349
14740
1997
18091
10188
7006
2240
4598
29381
23201
5925
6936
5936
4832
10218
10135
983
10751
36938
19238
5466
1642
15073
4297
40091
11540
7264
12970
844
10341
54
5805
5075
19444
1531
18011
8077
14127
5097
23229
11406
40297
863
6303
9274
881
20592
25992
11839
1529
974
4653
5304
1952
3056
6332
3665
2374
14005
16384
1967
1878
37782
28130
3207
4299
1245
5282
7596
7452
1636
3825
12334
16514
8060
4891
317
5600
4243
21994
5139
30285
39634
11546
36283
21972
482
5850
21625
5944
1755
6231
20966
12652
4289
3667
7863
8330
1744
9535
27068
26794
31384
712
37590
9693
661
2485
154
22746
8833
717
9142
1858
25168
8893
3152
3191
6948
3709
643
9491
6267
38526
5039
6450
3440
44003
3054
21901
9110
33004
4209
28706
3023
38620
5538
1119
17225
2626
10873
7630
846
645
42176
26084
8582
405
9357
3138
6935
15414
11285
39353
12951
1173
2541
23034
3420
33735
4987
7713
3590
7919
1729
6920
22523
9359
28476
10409
6260
11250
8125
7238
5392
18430
7955
1849
430
16252
518
21679
2168
27877
27462
11882
1815
22522
1759
37503
21910
37701
25830
4592
3485
22232
1895
30539
40194
20213
19855
10387
3314
1411
17482
4458
10399
30513
36713
17038
2093
5381
1879
12816
28915
4031
3850
10634
11463
31138
14600
39549
14368
415
9662
7901
2809
357
2767
820
5733
2306
8260
11866
9793
18197
807
30686
8812
19688
673
11063
32355
1631
2711
3494
1119
12739
378
560
11058
10374
17339
41526
1752
3099
453
4414
1241
1748
36391
4708
1083
7051
28650
20387
11511
19217
3030
4079
31334
10946
34505
5691
3641
28801
18543
965
873
15260
35982
13101
13638
2585
6477
4233
17627
805
12275
38387
44107
2710
34828
20867
2148
5888
16706
6347
7862
17292
12786
4904
34171
14723
39830
24291
12270
3188
6612
11249
917
1649
8829
25931
17932
5499
15003
7149
42116
21571
2479
3552
18068
1307
7607
3757
1912
1131
35661
4692
14499
9395
3646
14451
3954
27965
19503
20016
1691
4943
37736
6466
41628
9870
15048
5794
9072
3869
7045
6047
2887
10133
22813
3404
15692
15693
7182
4005
4507
68
30174
1120
13722
321
1504
161
270
6973
81
351
19697
483
2483
9210
3712
9773
38
3199
2686
9924
9925
9926
697
3699
5784
7989
1719
2618
15440
11523
2906
2041
1432
14019
19529
1954
3861
3644
5581
935
1185
17179
5817
35686
784
1135
6822
3550
1767
4869
1605
3390
2276
6031
1941
19844
2854
3514
1094
12142
441
3107
12288
6836
39899
2136
16821
988
1439
1578
519
3798
32709
4531
14362
16886
307
28243
7070
7921
7141
7142
9815
9666
10737
13304
13305
11196
506
21163
2750
8552
44287
2355
14832
14572
2033
23843
6748
639
2957
1513
417
8497
86
6489
12008
3708
1881
35809
2267
6109
3451
2845
18302
11504
14766
6095
10545
7004
1632
216
5073
5232
8862
10250
10251
3961
5327
20340
5791
5792
1837
11695
9780
20834
15338
4319
890
3474
18544
8650
8505
8505
36393
15429
14294
10324
6572
12218
7519
3935
9069
3154
282
261
250
2873
5121
1873
4651
5333
505
4734
9475
6586
1431
11350
14168
13670
12407
11623
4487
4488
11309
101
3962
17089
41021
14442
24160
3297
6035
1361
32250
12449
1270
4382
6213
10416
4867
21148
21272
4468
15795
6186
4489
1621
2295
2596
41969
3689
3365
5371
3625
8739
15664
5025
4888
6259
2791
25121
895
3833
16123
2273
12457
18528
2332
18901
1174
33429
3939
2882
6239
4642
5569
10180
5808
10753
9169
5513
10754
28182
1674
12890
3358
13445
17458
4388
19374
2868
26107
18974
27137
8072
8571
418
31419
11487
12989
11311
37484
7098
18858
8226
3386
1906
15213
11633
10904
3827
9409
5003
4555
41189
160
37175
3014
18359
2165
5446
8670
7278
8527
15125
14501
8875
22100
2466
7230
5720
10683
21231
14695
17661
4384
8157
44417
980
35992
8808
10746
8409
4150
2233
39102
9726
17442
14408
20345
12570
2841
37004
1700
6625
15037
11569
9294
6184
6184
2569
31365
31366
31367
3498
27151
18927
7626
1494
4613
34521
34503
17836
556
44202
33650
4352
9120
9689
2627
2604
14780
3395
3282
18386
13627
4107
2152
7790
32508
11651
6351
22319
23163
2179
10197
10054
10055
6885
44167
5460
29348
5766
2177
18109
1108
7520
41244
4727
1991
2597
36895
39720
5343
21990
6792
8448
10501
36151
17013
21012
25723
12472
6722
14014
243
243
952
952
4703
11825
10503
36367
3018
3444
20416
19448
8860
13709
5963
8668
774
8892
1832
20294
21536
33866
12752
19891
16947
16948
11814
7055
41341
4730
15150
3932
13737
9694
3756
27411
33812
22038
10860
22052
10478
11047
20006
3307
7977
13276
11359
11360
9496
9306
10986
21800
3519
6971
12677
25093
1654
7730
8740
9788
5885
6963
9182
1111
2293
10447
12580
9024
9024
27132
27133
18631
611
42219
2014
15364
8935
11379
12241
12241
13563
2013
4721
12674
12675
27063
509
13443
1208
1980
35732
35733
35734
2509
2363
7588
9088
14052
19744
27101
5754
39327
2247
16285
27115
17852
16237
21688
16268
10593
15354
1562
6295
12346
3628
13636
38316
32477
2938
4361
2197
11709
4017
26043
5244
6331
1089
3503
13772
11341
19843
1824
13136
11794
5798
12512
2831
2961
32222
32223
5615
39725
6898
8503
10336
15366
4883
7577
5032
8005
4311
8349
7090
37422
41584
4469
13196
5745
19224
28021
15841
916
27579
13864
4460
3352
32252
6218
17872
7311
5648
18600
41188
13220
14079
3276
12654
26005
10543
8836
44276
1805
35699
10421
21572
17328
27383
11641
6284
30219
4118
6800
14319
39542
39543
13193
1095
8605
2776
4329
7336
12313
16672
7979
7994
7995
9250
2789
9437
1101
42915
10196
908
1413
14175
18214
2347
33149
19250
15057
38010
8991
16112
25965
27301
14275
14941
17394
20570
9119
21439
10107
10108
10109
2139
1573
19139
20008
40140
28277
42651
19970
19124
39785
42265
1319
1142
42763
6912
4731
35981
10874
33200
14065
22516
16800
33071
4165
18643
1389
37557
28006
3327
7483
9366
7471
7887
1993
12991
42264
25506
33767
2309
42396
18449
16922
33747
33748
27721
27722
10077
35054
38583
35364
7310
34196
6204
38429
40867
15336
41083
17103
35161
24206
18435
3640
5276
8967
15088
15088
39737
37293
12375
20771
4569
792
20816
44124
1253
8453
22860
10897
5875
5875
17297
32703
9126
4463
12018
5191
20939
7364
16128
16129
16918
20325
29888
7419
24336
39753
8461
18456
23530
42391
6020
11500
35558
39264
8730
20860
2050
13046
7783
7387
3454
3454
12837
15812
22545
12098
5877
5335
43266
20238
15074
13077
15026
24100
3146
15017
31524
8825
9848
9952
28842
6457
16702
15615
10741
11928
11057
10268
25933
7507
7606
27325
1565
27082
7960
13139
5271
5271
42310
13915
34971
948
38849
17175
12578
17653
772
40450
4049
17983
19294
5880
29336
650
2653
10513
26180
6283
209
44335
41980
8899
9105
20451
12091
878
16014
21103
42406
34225
10163
2696
22478
15902
39668
11006
41395
35612
5149
1795
5928
11269
17796
9752
19941
11011
15315
42750
2720
13749
3134
13771
11056
11267
31713
13275
37064
42776
3977
10999
37747
8638
9683
30005
18455
907
3535
8421
11707
28926
24619
2091
21070
7379
6499
15127
14601
12465
