16384
1
2
5
32778
8203
11
13
14
8225
8226
38
24619
47
54
32825
58
60
41021
16448
65
67
8260
68
8267
76
79
81
82
32852
16470
86
88
8286
16478
32869
16485
101
8296
16489
32884
16505
16506
41083
124
8317
16514
135
8330
8337
41111
154
8349
16542
160
161
41130
8365
41142
16579
24771
24775
41161
16587
8396
209
8408
216
8409
8417
41188
229
230
8421
8428
33004
8430
239
16626
8435
243
245
249
250
8447
8448
258
259
261
8453
265
8461
270
272
273
275
277
8474
41244
288
16672
290
293
295
296
300
303
33071
33073
305
8497
307
8503
8505
317
16702
321
16706
8515
334
8527
8539
350
351
8546
355
356
357
359
8552
372
8567
378
8571
41341
33149
24959
386
387
388
16771
8582
8584
8588
397
405
8599
24987
8605
415
16800
417
418
425
430
33200
41395
16821
8632
441
444
8637
8638
453
8650
8651
33232
8660
16852
470
16857
8668
477
8670
8671
479
33250
482
483
8678
487
493
8687
16886
505
506
33276
509
511
8706
515
25093
518
519
524
33296
16918
8730
16922
25121
8739
8740
8748
556
560
562
16947
16948
8757
41526
573
8766
580
25168
594
599
41561
611
8808
8812
41584
625
17013
633
8825
8829
639
8833
643
8836
645
41606
8839
8840
33416
650
17038
17040
658
17043
17044
661
41627
41628
8860
8862
673
33443
8871
681
8875
684
8884
697
17083
8892
701
702
8893
17089
8899
708
8903
712
8905
713
717
17103
33507
8932
8935
25328
757
17148
772
774
8972
784
789
25365
790
17175
17177
792
17179
796
8991
805
8998
807
9003
812
811
9006
820
9024
41793
41799
17223
17225
844
9036
846
17241
17243
862
863
9054
17252
871
873
877
9069
878
9072
881
33650
9078
890
895
41864
9098
907
17292
909
908
17297
9105
916
917
9110
33692
17310
9119
9120
9121
25506
9126
935
25512
939
17328
948
9142
952
953
33723
17339
9149
960
965
33735
971
974
9169
9171
980
33747
9174
983
33748
987
988
9182
17383
17384
33767
9195
41969
17394
1012
1016
1017
9210
9211
41980
9218
9220
1029
1030
1041
33812
1046
9249
9250
17442
42022
9263
17458
1075
33845
9271
9274
1083
1082
1089
1093
1094
1095
17482
33866
1100
1101
9294
42064
1108
1111
9306
9307
1119
1120
1123
1130
1131
1135
1139
1141
1142
25724
1152
42116
17542
9350
1161
17546
9357
9359
1173
1174
1175
9366
1182
1183
1185
1189
1195
17579
9393
42161
1203
9395
1205
9398
1208
1209
17596
1213
1215
42176
9409
9410
1224
1233
25815
17623
1241
17627
1245
9437
1250
1253
25830
9446
42219
1260
9453
1268
17653
1270
1273
1275
17661
9475
9483
9491
1300
1301
9496
42265
42264
1307
1308
1314
1316
1317
1319
9519
9525
9527
1337
9530
1342
9535
25922
1349
42310
42313
1353
25931
1356
25933
1359
1361
34130
1363
1372
1374
1375
34145
1380
25965
1389
9592
34171
34172
34173
34174
1408
1411
17796
1413
25992
1416
1418
34196
26005
1431
1432
42393
42391
42396
1437
9631
1439
42406
17836
1456
9649
34225
1463
26043
17852
9662
9666
17864
34249
42447
17872
9683
1493
1494
9689
9692
9693
1502
9694
1504
1505
26084
17893
1509
1510
1513
17898
9708
1522
1529
1531
26107
9725
9726
1535
17932
26129
1556
9749
17942
9752
1562
1563
1565
17955
1573
9769
1578
9773
17968
9780
1594
9788
17983
9793
1603
26180
1605
1617
1621
9815
1624
1627
18011
1631
1632
9826
1636
42597
1642
1646
1649
1654
9848
34434
9860
1669
1671
1674
1677
9870
9871
1681
18068
9877
42647
1691
42651
1697
1698
1700
34475
18091
1719
1721
18109
1726
9921
1729
9924
9925
34502
9926
34503
34505
1744
1745
1748
1752
34521
1755
1759
9952
1765
1767
1777
18164
1782
26359
1785
9978
42750
1791
9983
9986
1795
1803
1804
1805
42763
26385
18197
1815
42776
1817
1824
18214
1832
1837
42800
42806
1848
1849
1858
18246
10054
10055
10060
1871
1873
1878
1879
1881
10077
34659
1893
1895
10088
1896
1900
1906
1912
10106
1914
10107
10108
18302
10109
10115
10131
10133
1942
1943
1944
10135
1941
1952
1954
42915
1964
1967
10160
10163
18359
10171
1980
10176
10180
1991
1993
10188
1997
42960
18386
2003
2004
10197
10196
10205
2013
2014
2017
2021
2023
2024
2025
10218
10219
26604
10221
2033
2039
2041
18430
2050
18435
10244
10249
10250
10251
34828
2061
10255
18449
10263
18455
18456
10268
43038
2079
2080
2081
26664
2090
2091
2093
2100
18491
2110
2121
18505
18508
2127
2136
2139
2140
18528
10336
10337
26722
2148
10341
2152
10347
2157
18543
10353
2165
2168
26752
2177
10371
2179
10374
10387
10389
2197
2202
34971
10399
2211
18596
18597
10407
18600
10409
18602
26794
10416
10421
2233
2237
2240
2247
18631
2252
10444
10447
18643
2260
10455
2267
2273
2276
10478
35054
10481
2290
2293
2295
2296
18689
2306
43266
2309
10501
10503
10509
10513
2326
2328
10520
2332
10539
2347
10543
2353
2354
2355
10545
2357
18744
2363
2374
2379
10579
2388
35161
2397
2400
10592
10593
35177
18793
43376
2421
27001
2429
2434
2436
2440
2441
10634
43404
2445
2447
43409
18834
35226
2463
2464
2466
18858
35245
2479
2481
2483
10677
2485
27063
2490
10683
27068
2497
43463
10695
2506
27082
10700
2509
18901
27101
27103
18912
10720
2530
43495
2536
27113
27115
2541
2542
18927
10737
2549
10741
2552
10746
27132
27133
2558
10751
18945
10754
27137
10753
10759
2568
2569
2570
27151
2585
18970
18974
35364
2597
2596
43559
2604
10797
2608
2618
2626
2627
10839
19033
2652
2653
2663
10860
10861
2681
10873
10874
10876
2686
10886
2696
2700
2703
2705
10897
10900
2710
2711
10904
43673
43674
2718
2720
27301
19110
2730
2732
19116
19124
19129
2749
27325
2750
2754
10946
19139
27336
2763
2767
2770
2776
2784
10976
27362
2789
35558
2791
10986
10987
2806
27383
10999
2809
11006
11011
19206
27403
11021
11022
27407
2831
19217
11026
27411
2838
19224
2841
2842
35612
2845
19238
11047
2856
2854
11053
2863
2864
11056
11058
11057
2868
19250
11063
2873
2878
2882
2883
27462
2887
2889
35661
27470
2902
2903
2906
11099
2909
19294
35686
2921
19310
11122
35699
2936
2938
11134
2946
2948
2957
2961
11155
19348
35732
2966
35733
2968
35734
19363
11175
43944
19374
35766
27579
11196
3007
27588
11206
3014
3018
3023
11221
3030
3029
3032
19421
35809
44003
3047
3048
3054
3056
11249
11250
19444
44022
19448
11267
3077
11269
44040
3089
11285
3095
3099
3107
19496
11309
19503
11311
11313
3126
3133
3134
11327
3138
19528
27721
27722
44107
19529
11341
3146
3152
3154
11350
3162
3163
11356
44124
3167
11359
11360
3174
11366
19558
11379
3188
3191
3199
3201
11398
3207
3210
11405
11406
35982
3215
35981
35992
3228
44202
19632
3249
36022
44216
3264
11460
11463
3276
3277
3280
11472
3282
3289
11487
11488
3297
27877
19688
3307
11500
3309
11504
19697
3314
44276
36085
11511
44287
3327
11523
11524
3337
11540
3352
11546
3358
19744
3365
11563
3373
44335
11569
44341
3383
36151
3386
27965
3390
3395
3396
27975
3404
3413
3417
3420
3430
28006
11623
3440
11633
3444
28021
11638
3446
3447
11641
3451
3454
44417
11651
19844
28040
19855
11664
3474
36248
3480
11675
3485
3488
3491
3494
3498
3503
19891
3514
36283
11707
11709
3519
19904
3535
19934
3551
3552
3550
28130
3557
3558
19941
3574
19970
3590
11788
3596
3598
36367
11794
28182
36375
3609
20006
36391
20008
3625
36393
11814
3628
20014
20016
11825
3634
3636
3640
3641
3644
36413
3646
11839
3653
11848
3665
3667
28243
3670
28247
3671
11866
3689
11882
3694
20079
3696
3697
3699
28277
20091
3708
3709
3710
11904
3712
28312
20121
11928
3748
11945
3756
3757
3760
3765
11958
3776
3777
11979
36559
3798
3804
3812
3814
12008
3825
12018
3827
20213
12023
12024
3833
3834
12028
3840
3850
20238
12049
3859
3861
3862
3869
3874
20274
3891
12089
12091
28476
3903
12098
20294
12108
3918
3924
28505
3932
3935
3939
20325
36713
3950
12142
3954
20340
3961
3962
36731
28539
3969
12163
3972
3973
3977
12171
20367
3988
3995
3998
20387
4005
4017
4018
20404
12214
12216
12218
4031
20416
4039
12241
4049
12248
4063
20451
4068
4073
28650
12270
4079
12275
12276
4089
4090
28669
4094
4095
12288
4107
4112
4114
12309
4118
20505
12313
4122
36895
28706
20519
12334
12338
20533
4150
12346
4158
4165
36938
4174
4179
12375
12377
4186
4187
20570
20584
20585
4206
20592
4209
36980
12407
28801
4233
12427
37004
4240
4243
12449
12457
28842
37036
4269
4268
12465
12471
12472
12476
4289
37064
4297
4298
4299
4304
4311
4319
12512
12516
4329
28915
37111
20733
28926
4351
4352
4359
4361
4369
4377
12570
4382
4384
12578
20771
20772
4388
4390
4391
12580
4393
4399
4400
4405
37174
37175
4411
4413
4414
4415
4417
4422
4432
20816
4442
4446
4449
20834
4458
12652
4460
4462
29038
12654
4463
12660
4469
4468
12666
20860
4481
12674
20867
12675
12677
4485
4487
4488
4489
12685
4494
29076
4507
4509
12703
4519
4521
4525
37293
4531
4538
12739
20934
4552
4555
20939
12752
4569
20956
12767
12774
4583
20966
4589
4592
4593
12786
4598
4603
12804
4613
12810
4621
12814
12816
21012
37407
4642
12837
4651
37421
4653
37422
12867
12869
21070
4692
12890
4703
4706
4708
37484
21103
4721
4727
4730
4731
4734
37503
21125
4745
12951
29336
21148
21152
12962
29348
12970
21163
12979
37557
12986
12989
12991
4803
29381
4807
37575
4808
4817
13011
37590
4832
4841
4842
21231
4854
13046
13054
37634
4867
4869
4873
4876
13071
4883
13077
13079
21272
4888
4891
29475
4904
21290
13101
21293
37701
13129
4940
13134
4943
13136
21333
37717
13149
37730
37736
13164
37747
29560
4987
4990
4997
21382
13193
5003
5004
13196
5007
37782
5025
13220
5029
5031
5032
5035
5039
37808
21439
29635
13258
5073
5075
5076
13272
13275
13276
29661
13285
5097
13304
13305
5118
5121
5124
29706
29707
29708
5136
13328
5139
5149
21536
21542
5175
21564
5180
21571
21572
5191
5198
13393
5206
5211
5217
5219
21604
5226
5232
5239
21625
38010
5244
13443
13445
13449
5271
5276
5282
21674
21679
5304
21689
21688
29888
5327
5333
5335
5341
5343
13537
21735
13552
5370
5371
13563
13567
5381
29959
5389
5390
5392
13605
21800
13619
13620
30005
38202
13627
13628
13636
13638
5446
5460
5466
13670
13674
5483
13676
5485
5499
13701
5513
21901
13709
5526
21910
13722
38299
5533
5534
5535
13728
5536
13730
5538
38307
13737
38316
5553
5554
13749
5569
13771
13772
5581
21972
30174
21983
5600
5601
21990
21994
5615
38387
30206
5640
30219
5648
5650
22038
5656
22041
13850
38429
22052
13864
22073
5691
13886
5696
22090
22091
30285
13902
5712
22100
5720
13914
13915
5730
5733
22119
13932
5745
22130
30325
30326
5751
5754
38526
30343
22156
5773
5784
5793
5794
5798
5805
5808
30387
14003
14005
38583
5817
5820
5822
14014
14019
14029
5843
22232
5850
38620
14052
14053
5867
14065
5874
5875
5877
5879
5880
5885
14079
5888
22298
5916
38691
5925
5928
5930
14124
14125
5934
14127
5936
30513
5938
22319
5944
14136
14139
5960
30539
5963
14166
14168
14175
22378
22382
14200
6011
30588
6017
6019
6020
22407
6031
6035
14229
6038
6047
14241
22441
6067
22451
22463
38849
14275
6085
22478
6095
6102
14294
6104
6107
6108
6109
30686
30693
14317
14319
22516
6134
6135
22522
6138
22523
6157
14352
22545
22546
22554
14362
14368
30753
6184
6186
30764
14387
6197
22585
6204
6212
6213
14406
14408
14409
6218
6231
39000
6239
39016
14442
14445
6254
14451
6259
6260
22647
6267
14460
6277
6280
6283
6284
6291
6295
6296
6298
6303
6304
14497
14499
14501
39080
6318
14516
14517
6331
6332
39102
14532
22726
14535
6347
6351
6354
6361
22746
30939
14553
14572
6388
14595
22791
14600
14601
14605
14606
6419
6421
6422
14613
22809
22811
22813
14623
6450
22839
6457
31034
6466
14659
6468
22860
6477
6489
6491
39264
6497
6499
14695
6508
6520
14722
14723
6540
14740
6551
14747
39327
31138
14757
14761
6572
14766
39353
6586
14780
14787
6595
6612
14806
14807
6625
39394
14826
23019
14832
6641
6647
31225
23034
39422
14849
6677
39449
39460
31270
31271
14898
14902
6722
39492
39494
6727
14920
23122
6748
14941
31334
6763
14959
39542
39543
23163
14973
39549
14976
31365
31366
31367
6792
6793
6800
6806
31384
15003
6816
23201
6821
6822
39591
15017
15026
6836
31419
23229
6845
15037
6852
6853
15048
6863
15057
39634
6874
31451
15073
15074
6885
15088
6898
39668
39676
23294
6911
39679
6912
15107
6920
15125
6935
6936
15127
6948
31524
39720
31530
39725
15150
6963
6969
39737
6971
6973
6976
15168
6979
39753
15179
6993
23379
23380
15195
7004
7006
31585
7011
39785
39789
15213
7027
7029
23422
7045
7051
7055
23444
39830
15260
15261
7070
7079
7082
15276
7088
7090
7098
31678
15296
23490
7116
39887
15315
7127
15322
39899
23519
31713
7141
7142
15336
23530
15338
7149
39924
39925
7161
7162
15354
15364
15366
39944
7182
15378
7189
31770
15414
7225
23610
7228
7230
23618
15429
7238
7240
15440
7264
7278
7282
7285
23678
7309
7310
7311
7318
40091
7332
15527
15549
7364
31948
40140
7379
7380
7387
7403
15601
7419
15615
40194
7433
15636
7452
23843
7467
7469
7471
15664
7483
15692
15693
7507
7519
7520
7522
7524
40297
32119
15748
40330
7566
7577
7584
40357
15787
7596
15795
7606
7607
15812
7626
7630
32222
32223
15841
24042
32238
32250
32252
7678
40450
7683
7684
7685
7686
7687
7688
7690
7695
7700
32279
40476
15902
7713
24100
40487
7730
7733
24127
7758
7762
24160
32355
40549
7783
7790
7792
15986
7800
40568
16007
40584
16014
24206
7862
7863
7887
7891
7901
32477
24291
7909
7919
7920
16112
7921
40695
16123
32508
16128
16129
24336
7955
24341
7960
32537
7970
7975
7977
7979
7980
40752
7989
7994
7995
40767
8007
8024
8042
16237
8048
8053
16252
8060
40829
40837
8072
16268
8077
8086
16285
40867
16302
8117
8118
8125
8127
32703
32709
8157
16365
32749
