16384
1
2
12288
5
32778
8203
11
13
14
4112
4114
12309
20505
12313
8225
28706
20519
24619
12334
47
12338
20533
54
32825
58
12346
60
41021
4158
16448
65
67
8260
68
36938
8267
76
4174
79
81
82
4179
32852
16470
88
12377
4186
4187
20570
8286
16478
32869
16485
8296
16489
20584
20585
4206
20592
4209
32884
36980
12407
16505
16506
124
8317
28801
16514
135
4233
8330
12427
37004
4240
8337
4243
41111
154
16542
161
12449
41130
37036
8365
4269
4268
41142
12471
12476
4289
16579
24771
24775
37064
41161
4297
16587
8396
4298
4299
4304
8408
216
12512
8417
12516
229
230
4329
8428
33004
8430
239
16626
8435
28915
245
37111
249
20733
8447
4351
4352
258
259
8448
4359
265
4361
272
273
4369
275
277
4377
8474
12570
41244
4382
288
4384
290
20772
293
4390
295
296
4391
4393
4388
300
303
4399
33073
305
4400
8497
4405
37174
37175
8503
4411
317
4413
4414
4415
4417
16706
8515
321
4422
334
8527
4432
4442
8539
350
4446
351
4449
8546
355
356
357
359
4458
12652
4462
29038
12654
372
12660
4469
8567
378
12666
20860
41341
33149
24959
8571
4481
386
387
388
16771
8582
20867
8584
4485
4487
4488
8588
397
12685
4494
4489
29076
405
8599
24987
4509
415
12703
417
418
4519
425
4521
4525
430
4531
8632
441
4538
444
8637
12739
453
20934
4552
8650
8651
4555
33232
12752
8660
16852
470
16857
20956
477
8671
479
12767
33250
482
483
8678
487
12774
4583
20966
493
4589
8687
4592
4593
12786
4598
505
506
4603
33276
511
8706
515
12804
4613
518
12810
524
4621
12814
33296
12816
21012
8730
37407
25121
4642
8739
8740
12837
8748
37421
4653
37422
560
16947
16948
8757
41526
573
8766
12867
580
12869
25168
594
4692
599
41561
12890
4703
4706
4708
8812
21103
41584
625
17013
633
8825
4731
8829
37503
8833
643
645
41606
8839
8840
33416
21125
4745
17038
17040
658
17043
17044
661
12951
41627
41628
8860
8862
21148
21152
673
12962
33443
8871
681
12970
684
12979
8884
12986
17083
8892
701
702
8893
4803
708
29381
8903
712
8905
713
4807
37575
717
17103
4817
13011
37590
4832
33507
8932
8935
4841
4842
21231
25328
757
4854
17148
13054
37634
4867
4873
8972
4876
13071
784
4883
789
25365
790
13079
17177
21272
4891
796
17179
4888
8991
29475
805
8998
807
4904
21290
9003
812
811
9006
13101
21293
820
9024
41793
37701
41799
17223
17225
13129
844
9036
846
4940
13134
4943
21333
37717
17241
17243
13149
862
863
9054
37730
17252
871
37736
873
13164
877
9069
9072
881
37747
9078
29560
890
4987
4990
895
4997
21382
41864
9098
5003
17292
909
5004
5007
13196
17297
908
9105
917
9110
37782
33692
17310
9120
9121
5025
5029
5031
25512
5032
935
939
5035
5039
37808
17328
9142
953
33723
17339
9149
29635
965
33735
13258
971
974
5073
9169
9171
5075
5076
9174
983
13272
987
988
29661
9182
13276
13285
17383
17384
5097
33767
9195
41969
1012
1016
1017
13304
9211
13305
9210
5118
5121
9218
9220
1029
1030
5124
29706
29707
29708
5136
1041
13328
5139
33812
1046
9249
9250
17442
42022
21542
9263
1075
33845
9271
5175
9274
1083
1082
21564
5180
21571
21572
1093
1094
17482
1100
5198
9294
42064
13393
5206
1111
9307
5211
1119
1120
5217
1123
5219
21604
1130
1131
5226
1135
5232
1139
1141
5239
21625
38010
25724
1152
13443
42116
13445
17542
9350
1161
17546
13449
9357
9359
1173
1174
1175
5271
5276
1182
1183
5282
1189
21674
1195
17579
21679
9393
42161
1203
9395
1205
9398
5304
1209
21689
17596
1213
1215
42176
29888
9410
9409
1224
1233
5333
25815
17623
1241
17627
1245
5341
5343
9437
13537
1250
25830
9446
21735
1260
9453
13552
1268
17653
1270
1273
5370
1275
5371
13567
9475
5381
29959
9483
5389
5390
5392
9491
1300
1301
42265
1307
1308
1314
1316
1317
13605
9519
13619
13620
9525
9527
1337
9530
38202
13628
1342
9535
25922
13636
1349
13638
5446
42313
1353
25931
1356
25933
1359
1361
34130
1363
5460
5466
1372
1374
1375
34145
1380
13674
5483
13676
5485
9592
34171
34172
34173
34174
5499
1408
1411
13701
25992
1416
1418
5513
21901
13709
34196
26005
5526
21910
1431
42393
1432
38299
42391
1437
5533
9631
5534
5535
13728
5536
13730
5538
38307
13737
17836
1456
9649
5553
5554
1463
9662
9666
17864
34249
13771
5581
42447
17872
21972
1493
1494
9692
9693
1502
21983
5600
1505
5601
30174
26084
17893
1509
1510
1504
17898
21994
9708
5615
1522
38387
1529
1531
9725
30206
1535
5640
30219
17932
26129
5650
1556
9749
17942
5656
22041
13850
1563
17955
1573
9769
17968
22073
1594
5691
13886
5696
9793
1603
1605
22090
22091
30285
13902
5712
1617
22100
1621
9815
1624
5720
13914
1627
18011
1631
1632
9826
5730
1636
42597
5733
22119
1642
13932
1646
1649
22130
5745
30325
30326
5751
1654
38526
34434
9860
1669
1671
30343
1674
22156
1677
9870
9871
5773
1681
18068
9877
42647
5784
1691
1697
1698
5793
5794
1700
5798
34475
18091
5805
5808
30387
14003
14005
1719
1721
5817
5820
1726
5822
9921
1729
14019
9924
9925
34502
9926
34503
34505
14029
1744
1745
5843
1748
1752
22232
5850
1755
38620
1759
1765
14053
1767
5867
1777
5874
14065
18164
1782
26359
5879
1785
9978
5885
1791
9983
5888
9986
14079
1803
1804
26385
18197
1815
1817
22298
5916
1824
38691
5925
18214
5928
5930
14124
14125
5934
14127
42800
5936
30513
5938
1837
42806
1848
1849
5944
14136
14139
1858
18246
5960
30539
10060
1871
1873
1878
1879
14166
10077
34659
1893
1895
10088
1896
22378
1900
22382
1912
14200
10106
1914
6011
30588
6017
10115
6019
22407
6031
10131
6035
14229
1942
1943
1944
10135
6038
10133
1952
14241
1954
42915
22441
1964
1967
10160
6067
22451
10171
22463
10176
10180
6085
10188
1997
22478
6095
42960
18386
2003
2004
10197
6102
14294
6104
6107
6108
10205
30686
2017
2021
30693
2023
2024
2025
10218
10219
26604
10221
14317
14319
2033
22516
6134
2039
6135
2041
6138
22522
22523
18430
2050
10244
10249
10250
10251
34828
2061
6157
10255
14352
22545
22546
10263
22554
43038
2079
2080
2081
14368
30753
26664
6184
2090
6186
30764
2093
14387
2100
6197
22585
18491
2110
6212
14406
14408
2121
18505
14409
18508
6218
2127
6231
2136
39000
2139
2140
6239
18528
10337
26722
10336
2148
10341
39016
10347
2157
14445
18543
6254
10353
14451
6260
6259
22647
2168
6267
14460
26752
10371
6277
10374
6280
6283
10387
6291
10389
6296
2202
6298
10399
6303
14497
2211
18596
18597
14499
10407
39080
10409
18602
26794
18600
6318
14516
14517
10421
6331
6332
2237
39102
2240
14532
22726
14535
2247
18631
6347
2252
10444
6351
10447
6354
18643
2260
10455
6361
22746
30939
14553
2267
2273
2276
14572
10478
10481
2290
6388
2293
2296
18689
2306
14595
43266
2309
10501
22791
14600
10509
14605
14606
10513
6419
6421
2326
6422
2328
10520
14613
22809
22811
12674
12675
14623
12677
10539
2347
10543
2353
2354
6450
2355
2357
10545
22839
18744
31034
2363
6466
14659
6468
2374
2379
6477
10579
2388
6489
6491
2397
2400
10592
6497
39264
14695
35177
18793
6508
43376
2421
6520
27001
2429
2434
14722
2436
14723
2440
2441
10634
43404
2445
6540
2447
43409
18834
14740
6551
35226
14747
2463
2464
31138
2466
14757
14761
18858
6572
35245
14766
2479
2481
2483
10677
2485
27063
39353
2490
6586
27068
14780
10683
2497
14787
6595
43463
10695
2506
27082
10700
2509
6612
14806
27103
18912
10720
2530
39394
43495
2536
27113
14826
23019
27115
2541
2542
18927
14832
6641
10737
2549
10741
6647
2552
31225
23034
10746
27132
27133
2558
10751
39422
18945
14849
10754
10759
2568
2569
2570
6677
2585
18970
39449
39460
31270
43559
31271
2604
10797
2608
14898
14902
2618
2626
39492
39494
6727
14920
23122
10839
19033
2652
6748
2653
31334
2663
6763
10860
10861
14959
39542
39543
2681
10873
23163
10876
14973
39549
14976
10886
6793
2700
2703
2705
10900
2710
2711
6806
43673
43674
31384
15003
2718
6816
23201
6821
19110
39591
2730
2732
19116
19124
19129
31419
2749
23229
6845
27325
2750
2754
10946
6852
6853
19139
27336
15048
2763
2767
6863
15057
2770
39634
2776
6874
31451
2784
10976
27362
15073
15074
35558
2791
10987
6898
2806
27383
2809
39676
23294
6911
39679
15107
11011
19206
6920
27403
11021
11022
27407
19217
11026
15125
2838
6935
6936
2842
2845
6948
19238
11047
2856
31530
11053
15150
2863
2864
11056
11058
11057
2868
6963
19250
11063
6969
6971
2878
6976
15168
2883
6979
27462
2887
2889
15179
35661
27470
6993
23379
23380
2902
2903
11099
15195
2909
7006
7004
19294
31585
7011
2921
39789
19310
11122
7027
7029
2936
11134
23422
2946
2948
7051
11155
19348
23444
2966
39830
2968
15260
15261
7070
19363
11175
43944
7079
7082
15276
7088
35766
11196
31678
3007
15296
23490
27588
11206
3018
7116
3023
39887
15315
11221
3030
3029
3032
7127
15322
19421
23519
44003
3047
3048
7149
3054
3056
11249
11250
19444
39924
44022
39925
19448
7161
7162
11267
3077
11269
15366
44040
39944
7182
3089
15378
11285
7189
3095
31770
3099
3107
19496
11309
19503
11311
11313
3126
15414
7225
23610
7228
3133
11327
3138
23618
15429
7238
19528
7240
27721
44107
27722
11341
3152
3154
11350
3162
3163
11356
44124
3167
7264
3174
11366
19558
7282
3188
7285
3191
23678
3201
11398
3207
3210
11405
11406
35982
3215
7309
7311
7318
40091
3228
7332
15527
19632
3249
36022
44216
15549
3264
11460
7364
11463
31948
3277
3276
3280
11472
3282
7379
7380
3289
7387
11487
11488
27877
19688
7403
3307
3309
11504
15601
3314
36085
11511
7419
44287
40194
11523
11524
3337
7433
11540
15636
11546
7452
3358
23843
3365
11563
7467
3373
7469
44341
3383
3386
27965
3390
3395
3396
27975
3404
15692
15693
3413
3417
3420
7522
7524
3430
28006
11623
40297
3440
11633
3444
28021
11638
3446
3447
32119
3454
11651
15748
28040
40330
7566
19855
11664
3474
36248
3480
7577
11675
3485
3488
7584
3491
40357
3494
15787
7596
7607
3514
36283
11709
19904
7626
7630
3535
19934
3551
3552
28130
3557
3558
19941
24042
32238
3574
32252
7678
19970
7683
7684
7685
3590
7686
7687
7688
7690
11788
3596
3598
7695
11794
7700
28182
36375
32279
3609
40476
15902
7713
36391
40487
20008
3625
20014
20016
11825
3634
7730
3636
7733
3641
3644
36413
3646
11839
24127
3653
11848
7758
3665
7762
3667
3670
28247
3671
11866
24160
32355
40549
7783
3689
11882
3694
20079
3696
3697
7792
15986
3699
7790
7800
40568
20091
3708
3709
3710
11904
3712
16007
40584
16014
28312
20121
3748
11945
3757
3760
3765
11958
7862
7863
3776
3777
11979
36559
7887
7891
3798
3804
7901
32477
24291
3812
7909
3814
7919
7920
3825
16112
3827
7921
20213
12023
12024
40695
3834
3833
12028
32508
16123
3840
16128
16129
3850
12049
3859
7955
24341
3862
3861
7960
32537
3869
3874
7970
7975
7980
40752
20274
3891
7989
12089
12091
28476
3903
40767
12098
8007
12108
3918
3924
28505
3932
3935
36713
8042
16237
3950
12142
8048
3954
8053
3962
36731
28539
16252
8060
40829
3969
12163
3972
3973
40837
12171
8077
20367
3988
8086
3995
16285
3998
20387
40867
4005
16302
4017
4018
20404
8117
12214
8118
12216
12218
8125
4031
8127
32709
4039
12241
4049
12248
4063
4068
4073
28650
16365
12270
4079
32749
12275
12276
4089
4090
28669
4094
4095
